0.3 2.33851 0 0.00336632
0.31 2.43069 0 0.00152326
0.32 2.53439 0 0.00314704
0.33 2.65384 0 0.00308658
0.34 2.77281 0 0.00299798
0.35 2.907 0 0.00606378
0.36 3.05033 0 0.00240062
0.37 3.2113 0 0.0041848
0.38 3.37357 0 0.00360595
0.39 3.5509 0 0.005511
0.4 3.75661 0 0.00489819
0.41 3.96564 0 0.00384014
0.42 4.22254 0 0.00842625
0.43 4.49624 0 0.0068488
0.44 4.77655 0 0.00754522
0.45 5.11448 0 0.00694293
0.46 5.48664 0 0.00723097
0.47 5.91836 0 0.0123327
0.48 6.38895 0 0.0155845
0.49 6.92612 0 0.0194886
0.5 7.51856 0 0.0156087
0.51 8.20984 0 0.0221375
0.52 9.03161 0 0.0160856
0.53 10.0021 0 0.024854
0.54 11.0527 0 0.0278386
0.55 12.2962 0 0.0424399
0.56 13.8058 0 0.0359071
0.57 15.369 0 0.0204221
0.571 15.5317 0 0.0186673
0.572 15.7081 0 0.0209523
0.573 15.8585 0 0.0227706
0.574 16.0337 0 0.0222346
0.575 16.1683 0 0.0207822
0.576 16.299 0 0.03022
0.577 16.4413 0 0.0393328
0.578 16.5763 0 0.0343138
0.579 16.6915 0 0.0294937
0.58 16.8186 0 0.043679
0.581 16.8832 0 0.0532773
0.582 17.0845 0 0.0439264
0.583 17.0164 0 0.0615343
0.584 17.0052 0 0.0690609
0.585 16.9011 0 0.105255
0.586 16.9768 0 0.0981851
0.587 16.6013 0 0.113114
0.588 16.3728 0 0.14848
0.589 16.1637 0 0.16564
0.59 15.6165 0 0.184596
0.591 14.5458 0 0.257584
0.592 13.703 0 0.261703
0.593 13.2103 0 0.272724
0.594 12.1648 0 0.278967
0.595 11.313 0 0.313141
0.596 10.3178 0 0.251839
0.597 9.1574 0 0.236266
0.598 8.57853 0 0.213656
0.599 8.12674 0 0.232898
