0.38 3.29404
0.38 3.33295
0.38 3.37797
0.38 3.39069
0.38 3.39788
0.38 3.35845
0.38 3.37647
0.38 3.35061
0.38 3.38947
0.38 3.36332
0.381 3.35387
0.381 3.37383
0.381 3.36704
0.381 3.40655
0.381 3.37932
0.381 3.36903
0.381 3.39999
0.381 3.36533
0.381 3.36316
0.381 3.38886
0.382 3.41998
0.382 3.38043
0.382 3.38731
0.382 3.37527
0.382 3.38611
0.382 3.40066
0.382 3.39797
0.382 3.37229
0.382 3.37916
0.382 3.39781
0.383 3.47856
0.383 3.38706
0.383 3.37681
0.383 3.38154
0.383 3.44371
0.383 3.42769
0.383 3.40192
0.383 3.40378
0.383 3.39157
0.383 3.38138
0.384 3.45219
0.384 3.46259
0.384 3.41584
0.384 3.48359
0.384 3.42415
0.384 3.4875
0.384 3.42819
0.384 3.44434
0.384 3.42384
0.384 3.43116
0.385 3.47635
0.385 3.46373
0.385 3.4493
0.385 3.47343
0.385 3.45513
0.385 3.50324
0.385 3.42264
0.385 3.46587
0.385 3.44244
0.385 3.42604
0.386 3.49479
0.386 3.48732
0.386 3.44775
0.386 3.47022
0.386 3.49701
0.386 3.46851
0.386 3.45248
0.386 3.40738
0.386 3.46269
0.386 3.45593
0.387 3.45263
0.387 3.50571
0.387 3.47055
0.387 3.47389
0.387 3.519
0.387 3.50411
0.387 3.49204
0.387 3.48937
0.387 3.46932
0.387 3.50716
0.388 3.49156
0.388 3.535
0.388 3.4947
0.388 3.53675
0.388 3.49726
0.388 3.49716
0.388 3.50353
0.388 3.52659
0.388 3.53054
0.388 3.5072
0.389 3.45242
0.389 3.51594
0.389 3.56194
0.389 3.55509
0.389 3.5179
0.389 3.53391
0.389 3.55733
0.389 3.51705
0.389 3.53328
0.389 3.52235
0.39 3.56673
0.39 3.55197
0.39 3.57241
0.39 3.49993
0.39 3.5654
0.39 3.54899
0.39 3.54374
0.39 3.55766
0.39 3.56066
0.39 3.59589
0.391 3.59701
0.391 3.54138
0.391 3.54365
0.391 3.59536
0.391 3.56438
0.391 3.53411
0.391 3.53159
0.391 3.60046
0.391 3.52573
0.391 3.54674
0.392 3.55162
0.392 3.6136
0.392 3.56505
0.392 3.58242
0.392 3.60758
0.392 3.57443
0.392 3.5962
0.392 3.59104
0.392 3.60805
0.392 3.60185
0.393 3.65984
0.393 3.61611
0.393 3.59847
0.393 3.58206
0.393 3.61301
0.393 3.58581
0.393 3.57792
0.393 3.59161
0.393 3.63523
0.393 3.64055
0.394 3.67682
0.394 3.56772
0.394 3.62225
0.394 3.62245
0.394 3.61795
0.394 3.59307
0.394 3.62998
0.394 3.60816
0.394 3.66043
0.394 3.69093
0.395 3.63462
0.395 3.65534
0.395 3.64248
0.395 3.67811
0.395 3.62516
0.395 3.6502
0.395 3.67432
0.395 3.63158
0.395 3.62251
0.395 3.61653
0.396 3.64512
0.396 3.66163
0.396 3.63935
0.396 3.71203
0.396 3.64329
0.396 3.68466
0.396 3.64598
0.396 3.64111
0.396 3.64599
0.396 3.65693
0.397 3.70696
0.397 3.69086
0.397 3.67663
0.397 3.67704
0.397 3.71686
0.397 3.67259
0.397 3.70905
0.397 3.68728
0.397 3.64713
0.397 3.67691
0.398 3.66111
0.398 3.65489
0.398 3.69053
0.398 3.70422
0.398 3.74447
0.398 3.70299
0.398 3.68326
0.398 3.72524
0.398 3.71845
0.398 3.72753
0.399 3.77031
0.399 3.7706
0.399 3.77239
0.399 3.72765
0.399 3.78457
0.399 3.70535
0.399 3.76905
0.399 3.68599
0.399 3.69412
0.399 3.73708
0.4 3.73065
0.4 3.71754
0.4 3.76046
0.4 3.75127
0.4 3.7291
0.4 3.70595
0.4 3.79147
0.4 3.75614
0.4 3.75926
0.4 3.77536
0.401 3.77819
0.401 3.77133
0.401 3.81864
0.401 3.79359
0.401 3.73365
0.401 3.76643
0.401 3.75937
0.401 3.77856
0.401 3.79556
0.401 3.77999
0.402 3.84253
0.402 3.80441
0.402 3.88678
0.402 3.80795
0.402 3.80013
0.402 3.79039
0.402 3.82017
0.402 3.74042
0.402 3.73835
0.402 3.76521
0.403 3.82808
0.403 3.80816
0.403 3.79854
0.403 3.76638
0.403 3.84871
0.403 3.80809
0.403 3.83452
0.403 3.82728
0.403 3.76328
0.403 3.79307
0.404 3.8516
0.404 3.7602
0.404 3.78578
0.404 3.8511
0.404 3.81975
0.404 3.82673
0.404 3.8491
0.404 3.81387
0.404 3.83233
0.404 3.84989
0.405 3.87191
0.405 3.83691
0.405 3.89847
0.405 3.86925
0.405 3.87316
0.405 3.8828
0.405 3.83758
0.405 3.81013
0.405 3.89627
0.405 3.84721
0.406 3.89781
0.406 3.88901
0.406 3.92527
0.406 3.91035
0.406 3.92426
0.406 3.87254
0.406 3.88406
0.406 3.84763
0.406 3.89311
0.406 3.84543
0.407 3.89862
0.407 3.91285
0.407 3.93915
0.407 3.97339
0.407 3.86113
0.407 3.90397
0.407 3.82908
0.407 3.9213
0.407 3.8796
0.407 3.87586
0.408 3.87868
0.408 3.92715
0.408 3.91528
0.408 3.92608
0.408 3.93258
0.408 3.92706
0.408 3.93162
0.408 3.92812
0.408 3.94223
0.408 3.88922
0.409 3.97082
0.409 3.96939
0.409 3.90061
0.409 3.96167
0.409 3.92374
0.409 3.96876
0.409 3.9532
0.409 3.93533
0.409 3.89493
0.409 3.9654
0.41 3.98244
0.41 3.99003
0.41 3.97466
0.41 3.95516
0.41 3.9706
0.41 3.92862
0.41 3.96386
0.41 4.00273
0.41 3.94451
0.41 3.95655
0.411 4.00292
0.411 4.003
0.411 3.96973
0.411 3.96852
0.411 3.99113
0.411 3.9424
0.411 3.95245
0.411 4.00211
0.411 3.97235
0.411 4.00371
0.412 3.95075
0.412 3.99613
0.412 4.04132
0.412 3.94394
0.412 3.96175
0.412 4.00774
0.412 4.02513
0.412 3.96824
0.412 4.02142
0.412 4.0238
0.413 4.09861
0.413 4.06455
0.413 4.05435
0.413 4.01885
0.413 4.03983
0.413 4.01178
0.413 4.04739
0.413 4.05835
0.413 4.0473
0.413 4.07347
0.414 4.0646
0.414 4.04488
0.414 4.0536
0.414 4.12233
0.414 4.08509
0.414 4.0309
0.414 4.04443
0.414 4.08593
0.414 4.09332
0.414 4.08236
0.415 4.07601
0.415 4.08691
0.415 4.0902
0.415 4.10583
0.415 4.09806
0.415 4.12433
0.415 4.11451
0.415 4.07267
0.415 4.06996
0.415 4.05006
0.416 4.13068
0.416 4.11345
0.416 4.13193
0.416 4.10568
0.416 4.12714
0.416 4.06344
0.416 4.07138
0.416 4.10325
0.416 4.10862
0.416 4.11879
0.417 4.1156
0.417 4.18658
0.417 4.16318
0.417 4.17568
0.417 4.06414
0.417 4.17746
0.417 4.11539
0.417 4.18893
0.417 4.13118
0.417 4.15098
0.418 4.15525
0.418 4.16223
0.418 4.1869
0.418 4.16793
0.418 4.12894
0.418 4.16154
0.418 4.18186
0.418 4.12192
0.418 4.17941
0.418 4.13803
0.419 4.20914
0.419 4.19229
0.419 4.21401
0.419 4.16891
0.419 4.22919
0.419 4.21599
0.419 4.18047
0.419 4.2046
0.419 4.15247
0.419 4.2041
0.42 4.26902
0.42 4.20167
0.42 4.17078
0.42 4.23141
0.42 4.18158
0.42 4.22903
0.42 4.21013
0.42 4.22807
0.42 4.25283
0.42 4.22057
0.421 4.2697
0.421 4.19483
0.421 4.25963
0.421 4.1762
0.421 4.22811
0.421 4.2569
0.421 4.20509
0.421 4.24119
0.421 4.1752
0.421 4.18203
0.422 4.24169
0.422 4.30275
0.422 4.25879
0.422 4.23326
0.422 4.28956
0.422 4.27131
0.422 4.22933
0.422 4.24037
0.422 4.22494
0.422 4.26242
0.423 4.29262
0.423 4.30271
0.423 4.30188
0.423 4.32665
0.423 4.2662
0.423 4.2335
0.423 4.29939
0.423 4.25384
0.423 4.32892
0.423 4.29594
0.424 4.3354
0.424 4.30637
0.424 4.27764
0.424 4.34771
0.424 4.31291
0.424 4.32607
0.424 4.3196
0.424 4.36895
0.424 4.36259
0.424 4.35702
0.425 4.36988
0.425 4.36702
0.425 4.29479
0.425 4.32203
0.425 4.31278
0.425 4.31041
0.425 4.3414
0.425 4.3387
0.425 4.34945
0.425 4.38985
0.426 4.33921
0.426 4.31543
0.426 4.32288
0.426 4.3437
0.426 4.37626
0.426 4.34378
0.426 4.3642
0.426 4.35461
0.426 4.30745
0.426 4.32242
0.427 4.41991
0.427 4.43178
0.427 4.39624
0.427 4.34053
0.427 4.32769
0.427 4.45607
0.427 4.40381
0.427 4.37711
0.427 4.39286
0.427 4.33952
0.428 4.40525
0.428 4.43753
0.428 4.4606
0.428 4.3564
0.428 4.48004
0.428 4.3422
0.428 4.40444
0.428 4.424
0.428 4.35456
0.428 4.41402
0.429 4.54884
0.429 4.44105
0.429 4.42324
0.429 4.3944
0.429 4.37144
0.429 4.44739
0.429 4.47802
0.429 4.48135
0.429 4.48043
0.429 4.46036
0.43 4.57506
0.43 4.56843
0.43 4.45815
0.43 4.48346
0.43 4.47042
0.43 4.5849
0.43 4.52903
0.43 4.41887
0.43 4.50295
0.43 4.48841
0.431 4.45953
0.431 4.51837
0.431 4.50831
0.431 4.49382
0.431 4.50224
0.431 4.56197
0.431 4.50714
0.431 4.46301
0.431 4.57112
0.431 4.46951
0.432 4.54601
0.432 4.48146
0.432 4.41599
0.432 4.54325
0.432 4.50038
0.432 4.56523
0.432 4.50396
0.432 4.56871
0.432 4.5001
0.432 4.59187
0.433 4.58602
0.433 4.54829
0.433 4.53799
0.433 4.60661
0.433 4.56331
0.433 4.57237
0.433 4.54695
0.433 4.5502
0.433 4.55619
0.433 4.60854
0.434 4.54238
0.434 4.66246
0.434 4.59277
0.434 4.62551
0.434 4.6027
0.434 4.54301
0.434 4.57688
0.434 4.59261
0.434 4.61602
0.434 4.52586
0.435 4.66197
0.435 4.59419
0.435 4.62929
0.435 4.58104
0.435 4.64426
0.435 4.58925
0.435 4.6096
0.435 4.69542
0.435 4.63077
0.435 4.6219
0.436 4.59896
0.436 4.65255
0.436 4.57534
0.436 4.72189
0.436 4.61748
0.436 4.60356
0.436 4.62392
0.436 4.642
0.436 4.59378
0.436 4.68575
0.437 4.67028
0.437 4.70113
0.437 4.70854
0.437 4.70819
0.437 4.70593
0.437 4.62758
0.437 4.70479
0.437 4.68598
0.437 4.68316
0.437 4.69767
0.438 4.68124
0.438 4.77984
0.438 4.73359
0.438 4.76947
0.438 4.75866
0.438 4.66688
0.438 4.72957
0.438 4.65847
0.438 4.69042
0.438 4.69401
0.439 4.67615
0.439 4.72072
0.439 4.78736
0.439 4.80256
0.439 4.71785
0.439 4.75939
0.439 4.78105
0.439 4.70634
0.439 4.77256
0.439 4.73869
0.44 4.78751
0.44 4.75028
0.44 4.79741
0.44 4.77561
0.44 4.73148
0.44 4.78182
0.44 4.7597
0.44 4.73293
0.44 4.75971
0.44 4.75383
0.441 4.77574
0.441 4.8792
0.441 4.87681
0.441 4.81199
0.441 4.83883
0.441 4.86606
0.441 4.81741
0.441 4.7442
0.441 4.7988
0.441 4.87797
0.442 4.85301
0.442 4.88541
0.442 4.84747
0.442 4.81197
0.442 4.7848
0.442 4.81843
0.442 4.79102
0.442 4.89803
0.442 4.87479
0.442 4.84742
0.443 4.88709
0.443 4.84758
0.443 4.85021
0.443 4.88601
0.443 4.83018
0.443 4.76319
0.443 4.90268
0.443 4.81369
0.443 4.76468
0.443 4.80477
0.444 4.89044
0.444 4.99272
0.444 4.91682
0.444 4.86808
0.444 4.86361
0.444 4.93282
0.444 4.91032
0.444 4.92849
0.444 4.89226
0.444 4.93418
0.445 4.91775
0.445 4.90304
0.445 4.97509
0.445 4.8453
0.445 4.93117
0.445 5.01649
0.445 4.97691
0.445 4.94803
0.445 4.91036
0.445 4.93317
0.446 4.97855
0.446 4.98752
0.446 4.87728
0.446 4.97466
0.446 5.00902
0.446 5.02494
0.446 4.9829
0.446 4.96471
0.446 4.97351
0.446 4.99565
0.447 4.97967
0.447 4.97907
0.447 4.91183
0.447 4.96493
0.447 4.96817
0.447 4.96133
0.447 5.01178
0.447 4.96015
0.447 4.91239
0.447 5.00459
0.448 5.02901
0.448 4.98995
0.448 5.08604
0.448 5.14482
0.448 4.9946
0.448 5.0691
0.448 5.01628
0.448 5.14203
0.448 5.00727
0.448 4.90191
0.449 5.02098
0.449 4.98284
0.449 5.01755
0.449 5.16954
0.449 5.07655
0.449 5.15322
0.449 5.08975
0.449 5.12049
0.449 5.02808
0.449 5.08588
0.45 5.12928
0.45 5.05454
0.45 5.10267
0.45 5.1713
0.45 5.11666
0.45 5.05334
0.45 5.16643
0.45 5.08003
0.45 5.06698
0.45 5.05245
0.451 5.08178
0.451 5.15601
0.451 5.15633
0.451 5.21017
0.451 5.19336
0.451 5.15192
0.451 5.16248
0.451 5.09261
0.451 5.09474
0.451 5.11712
0.452 5.18841
0.452 5.08993
0.452 5.15155
0.452 5.19387
0.452 5.07105
0.452 5.21031
0.452 5.16816
0.452 5.20053
0.452 5.16491
0.452 5.11949
0.453 5.20042
0.453 5.18526
0.453 5.26855
0.453 5.28208
0.453 5.30217
0.453 5.13427
0.453 5.16651
0.453 5.19713
0.453 5.17992
0.453 5.13828
0.454 5.26038
0.454 5.28681
0.454 5.21595
0.454 5.19811
0.454 5.27823
0.454 5.31395
0.454 5.23585
0.454 5.29909
0.454 5.26944
0.454 5.24864
0.455 5.20938
0.455 5.32622
0.455 5.3331
0.455 5.3258
0.455 5.29708
0.455 5.27983
0.455 5.27617
0.455 5.31509
0.455 5.32385
0.455 5.22221
0.456 5.29467
0.456 5.28168
0.456 5.35974
0.456 5.3508
0.456 5.35832
0.456 5.33473
0.456 5.19359
0.456 5.31071
0.456 5.34833
0.456 5.29967
0.457 5.36546
0.457 5.49937
0.457 5.32457
0.457 5.41796
0.457 5.29683
0.457 5.39326
0.457 5.24932
0.457 5.37624
0.457 5.31041
0.457 5.27652
0.458 5.38296
0.458 5.29457
0.458 5.42665
0.458 5.34133
0.458 5.4076
0.458 5.45659
0.458 5.45945
0.458 5.34571
0.458 5.30443
0.458 5.46475
0.459 5.40325
0.459 5.46885
0.459 5.47325
0.459 5.43879
0.459 5.45357
0.459 5.35626
0.459 5.40769
0.459 5.46083
0.459 5.47144
0.459 5.39319
0.46 5.41003
0.46 5.51353
0.46 5.54143
0.46 5.50784
0.46 5.49485
0.46 5.4503
0.46 5.48911
0.46 5.47027
0.46 5.35086
0.46 5.41459
0.461 5.57518
0.461 5.42411
0.461 5.39841
0.461 5.5484
0.461 5.51613
0.461 5.48803
0.461 5.58334
0.461 5.50628
0.461 5.45045
0.461 5.46106
0.462 5.57439
0.462 5.54685
0.462 5.44404
0.462 5.60081
0.462 5.60754
0.462 5.66603
0.462 5.634
0.462 5.4968
0.462 5.55136
0.462 5.51476
0.463 5.61039
0.463 5.65754
0.463 5.58722
0.463 5.56965
0.463 5.64456
0.463 5.59363
0.463 5.629
0.463 5.6371
0.463 5.60393
0.463 5.53537
0.464 5.60601
0.464 5.65955
0.464 5.59032
0.464 5.64944
0.464 5.6299
0.464 5.60356
0.464 5.59055
0.464 5.65539
0.464 5.68487
0.464 5.61155
0.465 5.69661
0.465 5.65726
0.465 5.6825
0.465 5.70705
0.465 5.58614
0.465 5.70379
0.465 5.67318
0.465 5.58049
0.465 5.59558
0.465 5.73592
0.466 5.72462
0.466 5.69399
0.466 5.70602
0.466 5.70687
0.466 5.6126
0.466 5.73064
0.466 5.75882
0.466 5.73854
0.466 5.70807
0.466 5.66356
0.467 5.68028
0.467 5.65987
0.467 5.80387
0.467 5.74953
0.467 5.70906
0.467 5.79261
0.467 5.81324
0.467 5.81101
0.467 5.85675
0.467 5.664
0.468 5.76604
0.468 5.77207
0.468 5.82627
0.468 5.76107
0.468 5.83249
0.468 5.87813
0.468 5.85154
0.468 5.80825
0.468 5.73747
0.468 5.74412
0.469 5.82984
0.469 5.85706
0.469 5.77221
0.469 5.85912
0.469 5.8422
0.469 5.86489
0.469 5.86366
0.469 5.76302
0.469 5.90744
0.469 5.96839
0.47 5.92706
0.47 5.85723
0.47 5.8136
0.47 5.85412
0.47 5.91983
0.47 5.95518
0.47 5.82791
0.47 5.86648
0.47 5.92643
0.47 5.96245
0.471 5.94912
0.471 5.91438
0.471 6.02365
0.471 5.90094
0.471 5.91507
0.471 5.81656
0.471 5.87466
0.471 5.91743
0.471 5.91763
0.471 6.00189
0.472 5.91175
0.472 5.91817
0.472 5.99059
0.472 6.07512
0.472 5.99679
0.472 6.03279
0.472 5.98191
0.472 5.9974
0.472 5.99832
0.472 5.92366
0.473 6.04833
0.473 6.03498
0.473 5.9557
0.473 6.05866
0.473 6.06703
0.473 6.12668
0.473 6.09182
0.473 6.05078
0.473 6.14583
0.473 5.95133
0.474 6.14077
0.474 6.19561
0.474 6.13314
0.474 6.08773
0.474 6.06926
0.474 6.08993
0.474 6.09464
0.474 6.06715
0.474 6.05707
0.474 5.94383
0.475 6.12904
0.475 6.04744
0.475 6.20163
0.475 6.21392
0.475 6.09992
0.475 6.21221
0.475 6.04524
0.475 6.01815
0.475 6.14828
0.475 6.00005
0.476 6.09029
0.476 6.15732
0.476 6.14003
0.476 6.1259
0.476 6.24659
0.476 6.06789
0.476 6.19465
0.476 6.15464
0.476 6.11422
0.476 6.18558
0.477 6.1697
0.477 6.2907
0.477 6.15069
0.477 6.17213
0.477 6.24272
0.477 6.1814
0.477 6.17181
0.477 6.19575
0.477 6.21657
0.477 6.18393
0.478 6.27201
0.478 6.20208
0.478 6.35027
0.478 6.1992
0.478 6.31222
0.478 6.21086
0.478 6.22586
0.478 6.19887
0.478 6.21937
0.478 6.34052
0.479 6.23282
0.479 6.33982
0.479 6.35033
0.479 6.32133
0.479 6.36024
0.479 6.32503
0.479 6.38815
0.479 6.36124
0.479 6.38173
0.479 6.41573
0.48 6.34195
0.48 6.33783
0.48 6.30986
0.48 6.45862
0.48 6.39193
0.48 6.41472
0.48 6.29097
0.48 6.3759
0.48 6.3617
0.48 6.42983
0.481 6.45398
0.481 6.32369
0.481 6.47839
0.481 6.54085
0.481 6.36187
0.481 6.34862
0.481 6.499
0.481 6.34043
0.481 6.40768
0.481 6.25993
0.482 6.51009
0.482 6.49337
0.482 6.47831
0.482 6.51339
0.482 6.35083
0.482 6.38408
0.482 6.55713
0.482 6.38758
0.482 6.42388
0.482 6.38726
0.483 6.60139
0.483 6.4965
0.483 6.45987
0.483 6.5645
0.483 6.4687
0.483 6.50926
0.483 6.46833
0.483 6.47262
0.483 6.45337
0.483 6.50227
0.484 6.60223
0.484 6.49073
0.484 6.57862
0.484 6.65542
0.484 6.54028
0.484 6.59687
0.484 6.63404
0.484 6.57095
0.484 6.55432
0.484 6.49306
0.485 6.63376
0.485 6.64522
0.485 6.5866
0.485 6.65444
0.485 6.66023
0.485 6.57094
0.485 6.62939
0.485 6.65442
0.485 6.59138
0.485 6.55418
0.486 6.65693
0.486 6.56102
0.486 6.71138
0.486 6.70856
0.486 6.61991
0.486 6.52666
0.486 6.55232
0.486 6.72768
0.486 6.75473
0.486 6.70935
0.487 6.60478
0.487 6.89582
0.487 6.6604
0.487 6.70888
0.487 6.68947
0.487 6.72269
0.487 6.79411
0.487 6.68654
0.487 6.75213
0.487 6.75983
0.488 6.77311
0.488 6.83679
0.488 6.68555
0.488 6.72161
0.488 6.65826
0.488 6.83481
0.488 6.7867
0.488 6.76944
0.488 6.77197
0.488 6.73643
0.489 6.82169
0.489 6.77044
0.489 6.5925
0.489 6.80052
0.489 6.7991
0.489 6.85506
0.489 6.88627
0.489 6.81366
0.489 6.90318
0.489 6.76153
0.49 6.868
0.49 6.91497
0.49 6.79688
0.49 6.87623
0.49 6.83525
0.49 7.07802
0.49 6.84237
0.49 6.87516
0.49 6.8689
0.49 6.79341
0.491 6.97801
0.491 6.84783
0.491 6.81161
0.491 6.83153
0.491 6.96289
0.491 7.00382
0.491 6.98874
0.491 7.01271
0.491 7.07456
0.491 6.97522
0.492 6.8744
0.492 7.01055
0.492 7.00754
0.492 6.95209
0.492 6.94931
0.492 6.88244
0.492 7.0437
0.492 6.88774
0.492 6.9077
0.492 6.97282
0.493 7.07616
0.493 7.1618
0.493 7.17433
0.493 7.00622
0.493 7.08668
0.493 7.01685
0.493 7.1318
0.493 7.14008
0.493 7.14999
0.493 7.04034
0.494 7.25395
0.494 7.26773
0.494 7.09183
0.494 7.15659
0.494 7.08845
0.494 7.27777
0.494 7.07361
0.494 7.06571
0.494 7.04684
0.494 7.27203
0.495 7.05485
0.495 7.32708
0.495 7.19938
0.495 7.07389
0.495 7.36768
0.495 7.27847
0.495 7.25436
0.495 7.11887
0.495 7.21565
0.495 7.21885
0.496 7.09697
0.496 7.24394
0.496 7.30004
0.496 7.288
0.496 7.16634
0.496 7.18689
0.496 7.26739
0.496 7.2116
0.496 7.2288
0.496 7.19738
0.497 7.19022
0.497 7.25327
0.497 7.3051
0.497 7.25537
0.497 7.17876
0.497 7.25507
0.497 7.28887
0.497 7.36719
0.497 7.25674
0.497 7.26382
0.498 7.42993
0.498 7.35376
0.498 7.36055
0.498 7.44679
0.498 7.45207
0.498 7.28694
0.498 7.31249
0.498 7.36218
0.498 7.30925
0.498 7.47119
0.499 7.27777
0.499 7.53215
0.499 7.51665
0.499 7.33818
0.499 7.50072
0.499 7.58504
0.499 7.40824
0.499 7.44317
0.499 7.52429
0.499 7.45447
0.5 7.41119
0.5 7.48543
0.5 7.48155
0.5 7.4558
0.5 7.43505
0.5 7.41327
0.5 7.56589
0.5 7.5082
0.5 7.45078
0.5 7.55456
0.501 7.53666
0.501 7.6966
0.501 7.6732
0.501 7.44635
0.501 7.55822
0.501 7.69399
0.501 7.57887
0.501 7.5182
0.501 7.70588
0.501 7.50875
0.502 7.72143
0.502 7.66454
0.502 7.58075
0.502 7.67462
0.502 7.57514
0.502 7.60518
0.502 7.61898
0.502 7.51925
0.502 7.62374
0.502 7.58529
0.503 7.6137
0.503 7.71038
0.503 7.59781
0.503 7.81585
0.503 7.81897
0.503 7.51622
0.503 7.70028
0.503 7.63737
0.503 7.82354
0.503 7.64066
0.504 7.79134
0.504 7.81446
0.504 7.84665
0.504 7.90504
0.504 7.72771
0.504 7.83121
0.504 7.72627
0.504 7.75734
0.504 7.53929
0.504 7.74924
0.505 7.88796
0.505 7.78919
0.505 7.90068
0.505 7.9109
0.505 7.76599
0.505 7.76865
0.505 7.76583
0.505 7.82962
0.505 7.58136
0.505 7.85286
0.506 7.91066
0.506 7.9328
0.506 7.91636
0.506 7.90709
0.506 8.03258
0.506 8.04996
0.506 7.79163
0.506 7.82491
0.506 8.02284
0.506 7.88471
0.507 7.96324
0.507 8.12607
0.507 7.94498
0.507 7.99905
0.507 8.06304
0.507 7.93471
0.507 7.94311
0.507 7.98192
0.507 7.96835
0.507 7.93643
0.508 8.06269
0.508 7.99348
0.508 8.08894
0.508 8.03301
0.508 8.02759
0.508 8.03342
0.508 8.10496
0.508 8.07443
0.508 7.98038
0.508 7.97753
0.509 8.17779
0.509 8.14415
0.509 7.91996
0.509 8.29517
0.509 8.03411
0.509 8.14109
0.509 8.08907
0.509 8.17026
0.509 8.10728
0.509 8.22132
0.51 8.14268
0.51 8.22531
0.51 8.1311
0.51 8.22504
0.51 8.27068
0.51 8.26474
0.51 8.10037
0.51 8.27761
0.51 8.28108
0.51 8.27237
0.511 8.29359
0.511 8.42146
0.511 8.41975
0.511 8.23329
0.511 8.11269
0.511 8.29103
0.511 8.41829
0.511 8.34857
0.511 8.456
0.511 8.17665
0.512 8.32998
0.512 8.21329
0.512 8.31776
0.512 8.34971
0.512 8.36159
0.512 8.1743
0.512 8.26285
0.512 8.33111
0.512 8.34045
0.512 8.55213
0.513 8.37293
0.513 8.47987
0.513 8.54742
0.513 8.43166
0.513 8.44493
0.513 8.39997
0.513 8.39598
0.513 8.31592
0.513 8.44305
0.513 8.62213
0.514 8.48427
0.514 8.35364
0.514 8.48521
0.514 8.51688
0.514 8.44108
0.514 8.46193
0.514 8.38749
0.514 8.43877
0.514 8.53355
0.514 8.49325
0.515 8.43522
0.515 8.75713
0.515 8.53347
0.515 8.53376
0.515 8.62568
0.515 8.65225
0.515 8.52796
0.515 8.90837
0.515 8.55808
0.515 8.59043
0.516 8.5626
0.516 8.77469
0.516 8.91661
0.516 8.65664
0.516 8.69499
0.516 8.86028
0.516 8.51721
0.516 8.85166
0.516 8.78137
0.516 8.6451
0.517 8.86682
0.517 8.82743
0.517 8.62188
0.517 8.66592
0.517 8.80698
0.517 8.56695
0.517 8.68226
0.517 8.61717
0.517 8.69803
0.517 9.00028
0.518 8.86098
0.518 8.65735
0.518 8.61276
0.518 9.01488
0.518 8.70721
0.518 8.77916
0.518 8.8092
0.518 8.74455
0.518 8.69947
0.518 8.77056
0.519 8.77389
0.519 8.85019
0.519 8.65865
0.519 9.05081
0.519 8.74859
0.519 8.70705
0.519 8.78913
0.519 8.93602
0.519 8.857
0.519 8.71041
0.52 9.01128
0.52 9.15931
0.52 9.25072
0.52 8.88013
0.52 8.93473
0.52 9.18559
0.52 8.91526
0.52 9.16089
0.52 8.91682
0.52 9.05163
0.521 9.10149
0.521 9.21346
0.521 9.21721
0.521 9.01362
0.521 9.18213
0.521 9.15837
0.521 9.05932
0.521 9.04147
0.521 9.03249
0.521 9.09175
0.522 9.02793
0.522 9.0007
0.522 9.23941
0.522 9.43932
0.522 9.135
0.522 9.20199
0.522 9.26403
0.522 9.0317
0.522 9.30828
0.522 9.01163
0.523 9.20596
0.523 9.11744
0.523 9.10628
0.523 9.238
0.523 9.16978
0.523 9.29031
0.523 9.19495
0.523 9.09705
0.523 9.27683
0.523 9.38698
0.524 9.15732
0.524 9.30191
0.524 9.29246
0.524 9.22563
0.524 9.33637
0.524 9.14185
0.524 9.37427
0.524 9.33065
0.524 9.25777
0.524 9.31667
0.525 9.53703
0.525 9.31962
0.525 9.44918
0.525 9.27574
0.525 9.45568
0.525 9.39598
0.525 9.44833
0.525 9.55836
0.525 9.53255
0.525 9.39125
0.526 9.64285
0.526 9.42767
0.526 9.40208
0.526 9.62621
0.526 9.61644
0.526 9.57701
0.526 9.55832
0.526 9.65218
0.526 9.71925
0.526 9.64525
0.527 9.57845
0.527 9.71964
0.527 9.55589
0.527 9.72772
0.527 9.61637
0.527 9.4536
0.527 9.53989
0.527 9.57262
0.527 9.57188
0.527 9.47608
0.528 9.69417
0.528 9.64577
0.528 9.7959
0.528 9.72299
0.528 9.80037
0.528 9.78373
0.528 9.67519
0.528 9.90701
0.528 9.66765
0.528 9.7068
0.529 9.6774
0.529 9.79161
0.529 9.68401
0.529 9.95511
0.529 9.69538
0.529 9.83613
0.529 9.71267
0.529 9.88234
0.529 9.77764
0.529 10.0647
0.53 9.88724
0.53 9.93722
0.53 9.72749
0.53 9.87001
0.53 9.87958
0.53 9.90447
0.53 9.9281
0.53 10.0943
0.53 9.8779
0.53 9.91216
0.531 10.0007
0.531 9.78506
0.531 9.9172
0.531 10.1394
0.531 10.1092
0.531 9.86482
0.531 10.1233
0.531 10.0176
0.531 9.96278
0.531 10.0574
0.532 10.1544
0.532 10.0338
0.532 10.151
0.532 9.90035
0.532 10.1044
0.532 10.2003
0.532 10.0465
0.532 10.1469
0.532 10.4088
0.532 10.1228
0.533 10.2436
0.533 10.2913
0.533 10.163
0.533 10.1541
0.533 10.3403
0.533 10.1953
0.533 9.99327
0.533 10.073
0.533 10.2221
0.533 10.3158
0.534 10.0767
0.534 10.3333
0.534 10.2668
0.534 10.405
0.534 10.3204
0.534 10.3668
0.534 10.5317
0.534 10.3616
0.534 10.3514
0.534 10.4646
0.535 10.6941
0.535 10.5112
0.535 10.2786
0.535 10.5716
0.535 10.2239
0.535 10.2492
0.535 10.2755
0.535 10.4231
0.535 10.3627
0.535 10.3359
0.536 10.4444
0.536 10.4929
0.536 10.4821
0.536 10.7369
0.536 10.3771
0.536 10.5818
0.536 10.7014
0.536 10.2658
0.536 10.4685
0.536 10.459
0.537 10.7038
0.537 10.7201
0.537 10.502
0.537 10.7244
0.537 10.6221
0.537 10.6437
0.537 10.7765
0.537 10.5705
0.537 10.4092
0.537 10.5828
0.538 10.7231
0.538 10.7244
0.538 10.4693
0.538 10.8872
0.538 10.6331
0.538 10.6613
0.538 10.4902
0.538 10.6794
0.538 10.6891
0.538 10.6943
0.539 10.8298
0.539 10.9824
0.539 10.9771
0.539 10.5986
0.539 10.9818
0.539 10.8296
0.539 10.8507
0.539 10.9541
0.539 10.8439
0.539 10.922
0.54 11.1386
0.54 10.9396
0.54 11.0335
0.54 11.1908
0.54 11.0558
0.54 11.0861
0.54 10.8632
0.54 11.0294
0.54 10.8949
0.54 11.0597
0.541 10.9663
0.541 11.024
0.541 11.1018
0.541 11.0217
0.541 10.9302
0.541 10.8444
0.541 11.0877
0.541 10.9507
0.541 11.032
0.541 11.2089
0.542 11.1373
0.542 11.2116
0.542 11.0674
0.542 11.0423
0.542 11.1057
0.542 11.0765
0.542 11.301
0.542 11.1857
0.542 11.075
0.542 11.2119
0.543 11.0728
0.543 11.1849
0.543 11.3081
0.543 11.3213
0.543 11.166
0.543 11.0576
0.543 11.2605
0.543 11.2728
0.543 10.9693
0.543 11.3009
0.544 11.4228
0.544 11.4145
0.544 11.2302
0.544 11.2784
0.544 11.2858
0.544 11.509
0.544 11.4396
0.544 11.7377
0.544 11.4201
0.544 11.4248
0.545 11.5045
0.545 11.6095
0.545 11.3646
0.545 11.6026
0.545 11.5957
0.545 11.7257
0.545 11.4674
0.545 11.2396
0.545 11.5383
0.545 11.6435
0.546 11.4009
0.546 11.5172
0.546 11.584
0.546 11.5336
0.546 11.692
0.546 11.6693
0.546 11.7477
0.546 11.728
0.546 11.6288
0.546 11.8292
0.547 11.6401
0.547 11.9715
0.547 11.489
0.547 11.9347
0.547 11.8202
0.547 11.9192
0.547 12.0488
0.547 11.6507
0.547 11.7627
0.547 11.4735
0.548 11.9544
0.548 11.7428
0.548 11.7841
0.548 11.899
0.548 11.7837
0.548 12.0567
0.548 11.7923
0.548 11.6286
0.548 11.7303
0.548 11.809
0.549 12.4844
0.549 12.3386
0.549 11.8855
0.549 12.243
0.549 11.7735
0.549 12.0122
0.549 12.0298
0.549 12.2648
0.549 12.0202
0.549 11.8148
0.55 12.3139
0.55 11.9491
0.55 12.019
0.55 12.2294
0.55 12.1621
0.55 12.141
0.55 12.3525
0.55 12.0095
0.55 12.2667
0.55 12.3658
0.551 12.4852
0.551 12.2161
0.551 12.0896
0.551 12.4338
0.551 12.4567
0.551 12.2604
0.551 12.5477
0.551 12.2994
0.551 12.1985
0.551 12.3187
0.552 12.4869
0.552 12.548
0.552 12.254
0.552 12.4439
0.552 12.4483
0.552 12.5213
0.552 12.6353
0.552 12.4347
0.552 12.2937
0.552 12.3301
0.553 12.5791
0.553 12.4808
0.553 12.7071
0.553 12.4617
0.553 12.4572
0.553 12.4409
0.553 12.6619
0.553 12.4912
0.553 12.8526
0.553 12.7305
0.554 12.8841
0.554 12.8291
0.554 12.29
0.554 12.7893
0.554 12.5292
0.554 12.7357
0.554 12.832
0.554 12.3429
0.554 12.3659
0.554 12.7699
0.555 12.967
0.555 12.8604
0.555 12.2266
0.555 12.7703
0.555 12.5599
0.555 12.9518
0.555 12.6389
0.555 12.425
0.555 13.1705
0.555 12.753
0.556 13.0406
0.556 13.3054
0.556 12.8005
0.556 13.2289
0.556 13.0927
0.556 13.0174
0.556 12.9984
0.556 12.6017
0.556 13.0971
0.556 12.9119
0.557 12.9815
0.557 13.2623
0.557 13.2221
0.557 13.0956
0.557 12.9004
0.557 13.0549
0.557 13.1186
0.557 13.0166
0.557 13.0252
0.557 13.3207
0.558 13.124
0.558 13.1425
0.558 13.5363
0.558 13.5667
0.558 13.5675
0.558 13.1725
0.558 13.2854
0.558 13.1011
0.558 13.1612
0.558 13.1906
0.559 13.4305
0.559 13.6094
0.559 13.5007
0.559 13.4047
0.559 13.3776
0.559 13.3709
0.559 13.4027
0.559 13.605
0.559 13.3295
0.559 13.7097
0.56 13.5318
0.56 13.6549
0.56 13.7047
0.56 13.5052
0.56 13.6726
0.56 12.8511
0.56 13.7293
0.56 13.9536
0.56 13.6846
0.56 13.3889
0.561 13.8235
0.561 13.903
0.561 13.6035
0.561 13.3431
0.561 13.6901
0.561 13.2376
0.561 13.7406
0.561 13.6234
0.561 13.5342
0.561 13.5705
0.562 13.9836
0.562 13.9514
0.562 13.6804
0.562 13.6629
0.562 13.5601
0.562 13.6665
0.562 13.5462
0.562 14.1338
0.562 13.6949
0.562 13.8029
0.563 14.1385
0.563 13.8575
0.563 13.9041
0.563 14.2317
0.563 14
0.563 13.9227
0.563 13.851
0.563 14.0483
0.563 13.7156
0.563 13.6091
0.564 13.8734
0.564 14.4564
0.564 13.9421
0.564 14.2728
0.564 14.315
0.564 14.3287
0.564 14.4058
0.564 14.2061
0.564 14.277
0.564 13.8586
0.565 14.45
0.565 14.5075
0.565 14.2646
0.565 14.2866
0.565 14.0801
0.565 14.4195
0.565 14.2607
0.565 14.4859
0.565 14.1555
0.565 14.593
0.566 14.0748
0.566 13.667
0.566 14.3677
0.566 13.9909
0.566 14.5473
0.566 13.9038
0.566 14.4748
0.566 14.2315
0.566 13.9191
0.566 14.0524
0.567 14.65
0.567 14.3062
0.567 14.8998
0.567 14.4994
0.567 14.0208
0.567 14.951
0.567 14.3523
0.567 14.7678
0.567 14.3883
0.567 14.837
0.568 14.8488
0.568 15.0192
0.568 14.5221
0.568 14.5679
0.568 14.5631
0.568 14.3323
0.568 14.7167
0.568 14.7647
0.568 14.4153
0.568 14.6567
0.569 15.0885
0.569 14.7372
0.569 14.8036
0.569 15.0247
0.569 14.8705
0.569 14.6588
0.569 15.2423
0.569 14.8028
0.569 15.0304
0.569 14.9022
0.57 14.9381
0.57 14.5453
0.57 14.7741
0.57 14.8865
0.57 15.2121
0.57 14.963
0.57 14.6123
0.57 14.7162
0.57 14.8807
0.57 15.023
0.571 15.2024
0.571 15.5371
0.571 15.2308
0.571 14.9257
0.571 15.1874
0.571 15.5193
0.571 14.1772
0.571 15.0215
0.571 14.9589
0.571 15.1152
0.572 15.5872
0.572 15.4437
0.572 15.3074
0.572 15.1752
0.572 15.2621
0.572 15.818
0.572 14.8241
0.572 15.9612
0.572 14.8934
0.572 14.6984
0.573 15.6176
0.573 14.727
0.573 15.321
0.573 15.5523
0.573 15.129
0.573 15.5694
0.573 14.455
0.573 15.4404
0.573 15.183
0.573 15.6934
0.574 15.29
0.574 15.4101
0.574 15.7522
0.574 15.5756
0.574 15.572
0.574 15.3994
0.574 15.6264
0.574 16.0255
0.574 16.3138
0.574 15.6235
0.575 15.3568
0.575 14.7958
0.575 15.0987
0.575 15.2617
0.575 16.2769
0.575 15.9645
0.575 16.1821
0.575 15.0728
0.575 15.0735
0.575 15.6864
0.576 15.3534
0.576 15.2676
0.576 15.8929
0.576 15.7495
0.576 15.7009
0.576 15.53
0.576 16.0443
0.576 15.658
0.576 15.0106
0.576 15.5927
0.577 15.5371
0.577 16.3873
0.577 16.0745
0.577 16.3334
0.577 15.749
0.577 15.6489
0.577 15.2819
0.577 16.2483
0.577 16.5329
0.577 16.0799
0.578 15.6068
0.578 13.8762
0.578 16.1295
0.578 16.2831
0.578 15.1417
0.578 15.9998
0.578 16.2781
0.578 16.3772
0.578 16.0264
0.578 15.5411
0.579 15.9907
0.579 16.6511
0.579 15.8869
0.579 15.9302
0.579 16.4426
0.579 16.2857
0.579 15.041
0.579 16.6508
0.579 16.8074
0.579 16.5993
0.58 16.6531
0.58 16.4572
0.58 16.0102
0.58 15.9518
0.58 15.4019
0.58 15.1888
0.58 16.2451
0.58 15.3858
0.58 14.878
0.58 16.2149
0.581 16.19
0.581 16.1182
0.581 15.7707
0.581 16.3649
0.581 16.1487
0.581 16.7886
0.581 14.8873
0.581 15.2125
0.581 14.3034
0.581 17.1581
0.582 13.8399
0.582 14.6748
0.582 16.2643
0.582 16.9794
0.582 16.473
0.582 16.7739
0.582 14.5795
0.582 16.7887
0.582 15.6491
0.582 17.1881
0.583 17.0636
0.583 16.9564
0.583 15.9238
0.583 16.7233
0.583 15.812
0.583 16.96
0.583 15.8931
0.583 16.6999
0.583 13.2753
0.583 14.2072
0.584 17.1017
0.584 14.7957
0.584 16.581
0.584 14.656
0.584 14.8883
0.584 15.2768
0.584 16.8001
0.584 16.3387
0.584 14.5714
0.584 17.18
0.585 16.0013
0.585 15.532
0.585 15.2465
0.585 16.4034
0.585 17.3197
0.585 16.292
0.585 16.0687
0.585 14.6818
0.585 16.9546
0.585 15.7271
0.586 15.6945
0.586 17.1717
0.586 15.8358
0.586 17.9408
0.586 12.9424
0.586 12.5088
0.586 13.4482
0.586 17.2818
0.586 13.5343
0.586 13.7341
0.587 13.3176
0.587 14.3143
0.587 17.1486
0.587 15.6804
0.587 12.9037
0.587 17.4263
0.587 13.1345
0.587 16.8855
0.587 15.838
0.587 15.0309
0.588 13.9019
0.588 15.3425
0.588 10.7819
0.588 14.4119
0.588 16.6484
0.588 14.5104
0.588 16.7481
0.588 16.5311
0.588 9.72466
0.588 15.8947
0.589 15.6794
0.589 14.4776
0.589 13.8269
0.589 15.5135
0.589 14.6838
0.589 12.6863
0.589 13.9825
0.589 14.2631
0.589 15.7686
0.589 18.3621
0.59 13.8452
0.59 12.0678
0.59 16.5987
0.59 17.1761
0.59 16.5187
0.59 16.4929
0.59 11.0794
0.59 13.8236
0.59 8.58015
0.59 14.4757
0.591 12.3184
0.591 7.86093
0.591 17.397
0.591 14.2976
0.591 17.4956
0.591 10.9373
0.591 13.7193
0.591 15.2132
0.591 12.7818
0.591 11.9207
0.592 18.6155
0.592 17.5612
0.592 14.5391
0.592 14.3978
0.592 16.3405
0.592 13.658
0.592 11.2157
0.592 12.9136
0.592 17.5528
0.592 10.0837
0.593 16.3648
0.593 12.0336
0.593 14.746
0.593 13.9109
0.593 11.4432
0.593 13.0711
0.593 9.37736
0.593 7.89412
0.593 18.532
0.593 11.6193
0.594 14.9367
0.594 11.3458
0.594 15.7748
0.594 8.06891
0.594 9.00498
0.594 11.9832
0.594 8.01701
0.594 12.2166
0.594 8.86883
0.594 13.8621
0.595 11.2611
0.595 12.3931
0.595 14.2245
0.595 9.16008
0.595 7.51056
0.595 15.9895
0.595 6.38579
0.595 11.0802
0.595 8.57682
0.595 12.0297
0.596 11.3347
0.596 7.84021
0.596 8.46426
0.596 10.2223
0.596 11.8286
0.596 8.04342
0.596 6.64453
0.596 12.566
0.596 12.1691
0.596 10.897
0.597 12.5829
0.597 7.68551
0.597 9.53931
0.597 9.80404
0.597 8.18943
0.597 8.03886
0.597 13.9184
0.597 10.0512
0.597 10.2307
0.597 9.87681
0.598 12.397
0.598 7.8431
0.598 7.02945
0.598 7.65858
0.598 6.65178
0.598 8.58046
0.598 6.99384
0.598 13.8239
0.598 8.37084
0.598 6.13788
0.599 6.22743
0.599 15.3765
0.599 7.25221
0.599 10.8792
0.599 7.41138
0.599 8.68738
0.599 5.77191
0.599 16.1673
0.599 13.1758
0.599 11.8683
0.6 6.30323
0.6 6.19418
0.6 10.074
0.6 6.49497
0.6 8.32519
0.6 8.16172
0.6 7.10569
0.6 7.94081
0.6 11.8504
0.6 7.92233
0.601 5.49865
0.601 9.80815
0.601 7.63611
0.601 6.2902
0.601 9.74101
0.601 6.28701
0.601 5.48741
0.601 8.06542
0.601 8.5862
0.601 5.77909
0.602 8.23543
0.602 6.43822
0.602 5.80324
0.602 5.47384
0.602 6.98095
0.602 5.88407
0.602 8.65039
0.602 5.57466
0.602 6.01593
0.602 8.93116
0.603 7.03459
0.603 6.33951
0.603 7.70493
0.603 5.48996
0.603 13.9119
0.603 11.4224
0.603 5.75397
0.603 6.09954
0.603 6.9887
0.603 5.4738
0.604 5.55495
0.604 6.9127
0.604 5.5837
0.604 6.05015
0.604 5.11375
0.604 7.43525
0.604 7.52549
0.604 6.19373
0.604 5.96423
0.604 8.69421
0.605 5.02964
0.605 5.46439
0.605 9.5655
0.605 6.367
0.605 6.18563
0.605 4.967
0.605 5.01698
0.605 5.45808
0.605 5.01584
0.605 5.44527
0.606 6.94794
0.606 6.07684
0.606 6.01384
0.606 6.64014
0.606 5.343
0.606 5.80843
0.606 5.79018
0.606 5.76259
0.606 4.67181
0.606 5.76865
0.607 6.27465
0.607 5.30559
0.607 7.43158
0.607 5.89814
0.607 5.50679
0.607 5.71918
0.607 4.59503
0.607 4.86865
0.607 4.57211
0.607 7.25233
0.608 7.13269
0.608 5.17922
0.608 5.50376
0.608 6.24605
0.608 4.42795
0.608 4.77815
0.608 5.74433
0.608 5.95658
0.608 6.17336
0.608 10.0639
0.609 5.10234
0.609 4.77887
0.609 4.74953
0.609 4.55669
0.609 4.85746
0.609 5.4365
0.609 6.93414
0.609 5.58733
0.609 4.92211
0.609 4.6727
0.57 15.0304
0.57 14.9579
0.57 14.4957
0.57 15.1535
0.57 14.8413
0.57 15.3109
0.57 15.2563
0.57 14.8079
0.57 14.9829
0.57 15.0394
0.57 14.8683
0.57 14.5968
0.57 14.9496
0.57 14.8276
0.57 14.3056
0.57 15.0794
0.57 15.1922
0.57 15.0156
0.57 14.7048
0.57 15.2481
0.57 15.3546
0.57 15.2279
0.57 14.7103
0.57 14.7518
0.57 15.341
0.57 15.1534
0.57 15.0271
0.57 14.6391
0.57 15.187
0.57 14.5937
0.57 14.4858
0.57 14.8646
0.57 15.2181
0.57 14.7884
0.57 15.136
0.57 15.3735
0.57 15.0227
0.57 14.9587
0.57 14.8897
0.57 15.0861
0.57 14.8557
0.57 15.2942
0.57 14.7918
0.57 14.3971
0.57 14.6901
0.57 15.3798
0.57 14.9514
0.57 14.5647
0.57 14.867
0.57 15.21
0.57 14.887
0.57 15.104
0.57 15.274
0.57 15.134
0.57 14.478
0.57 14.8736
0.57 14.3688
0.57 15.1414
0.57 15.1432
0.57 15.3494
0.57 14.4137
0.57 15.0155
0.57 15.0947
0.57 14.7227
0.57 15.1378
0.57 15.3396
0.57 15.2115
0.57 14.9382
0.57 14.5004
0.57 14.9026
0.57 15.2678
0.57 14.8725
0.57 14.6892
0.57 15.1572
0.57 14.9275
0.57 15.0811
0.57 15.1951
0.57 14.6918
0.57 15.1693
0.57 14.8803
0.57 15.2084
0.57 14.5847
0.57 14.424
0.57 14.7656
0.57 15.0821
0.57 15.2826
0.57 15.177
0.57 15.2243
0.57 14.9717
0.57 14.675
0.57 15.0459
0.57 14.4134
0.57 14.8548
0.57 15.2523
0.57 14.6171
0.57 15.5478
0.57 14.9866
0.57 15.2717
0.57 15.6299
0.57 14.5492
0.571 14.9483
0.571 15.3107
0.571 15.1255
0.571 15.5436
0.571 15.3647
0.571 14.3261
0.571 14.9535
0.571 15.5595
0.571 15.3415
0.571 15.2771
0.571 15.1149
0.571 15.4116
0.571 14.9528
0.571 15.0575
0.571 14.4987
0.571 15.5726
0.571 15.3377
0.571 15.0324
0.571 15.4472
0.571 14.9329
0.571 14.2254
0.571 15.0669
0.571 14.8447
0.571 15.5231
0.571 14.878
0.571 15.0705
0.571 14.9481
0.571 15.3094
0.571 15.0775
0.571 15.1326
0.571 15.1338
0.571 14.8375
0.571 14.7573
0.571 14.9984
0.571 14.9371
0.571 15.4193
0.571 14.7629
0.571 14.4147
0.571 15.6057
0.571 15.603
0.571 15.2591
0.571 15.5891
0.571 15.4328
0.571 15.4657
0.571 14.9431
0.571 15.5793
0.571 15.6834
0.571 15.0536
0.571 15.4713
0.571 15.4639
0.571 14.8519
0.571 15.0157
0.571 14.5012
0.571 14.6045
0.571 15.4051
0.571 14.8022
0.571 14.7051
0.571 14.5328
0.571 14.7145
0.571 15.3722
0.571 14.4626
0.571 14.4322
0.571 14.9755
0.571 15.1168
0.571 14.7371
0.571 15.1396
0.571 15.0208
0.571 15.0856
0.571 14.9193
0.571 15.4405
0.571 15.4057
0.571 15.3467
0.571 14.8641
0.571 14.5509
0.571 15.201
0.571 14.3178
0.571 14.9283
0.571 14.9607
0.571 15.4906
0.571 15.3259
0.571 15.3696
0.571 14.4991
0.571 15.5692
0.571 15.2821
0.571 15.5491
0.571 14.7367
0.571 15.0225
0.571 14.8855
0.571 15.5989
0.571 14.7199
0.571 14.6703
0.571 14.811
0.571 15.4165
0.571 14.7891
0.571 14.2027
0.571 15.5245
0.571 15.4616
0.571 14.7676
0.571 14.9612
0.571 15.015
0.572 15.4622
0.572 14.7403
0.572 15.3053
0.572 16.1507
0.572 15.2232
0.572 15.372
0.572 15.4793
0.572 15.1283
0.572 15.5868
0.572 15.8545
0.572 15.6407
0.572 15.5282
0.572 14.7822
0.572 15.1821
0.572 15.3618
0.572 14.4635
0.572 15.2977
0.572 15.5328
0.572 14.8713
0.572 15.4071
0.572 15.3092
0.572 15.3903
0.572 15.3776
0.572 14.694
0.572 15.0859
0.572 15.3258
0.572 15.0095
0.572 15.1678
0.572 15.9313
0.572 14.9049
0.572 15.2459
0.572 15.441
0.572 15.4468
0.572 14.897
0.572 14.5833
0.572 15.4509
0.572 15.0232
0.572 15.153
0.572 15.2861
0.572 15.4224
0.572 14.5363
0.572 14.5664
0.572 14.848
0.572 15.2912
0.572 15.394
0.572 15.5772
0.572 15.2143
0.572 14.9301
0.572 15.2287
0.572 15.4675
0.572 13.7615
0.572 15.1777
0.572 14.8096
0.572 14.3253
0.572 15.3382
0.572 15.1448
0.572 15.2726
0.572 14.795
0.572 15.4212
0.572 15.5937
0.572 15.1961
0.572 15.6717
0.572 14.7065
0.572 15.4046
0.572 15.5027
0.572 15.337
0.572 14.9991
0.572 15.1534
0.572 15.2462
0.572 15.2494
0.572 15.6014
0.572 15.2379
0.572 15.5734
0.572 15.3549
0.572 15.0768
0.572 14.3811
0.572 15.1151
0.572 15.2672
0.572 15.9696
0.572 15.5777
0.572 15.1125
0.572 14.9495
0.572 15.4185
0.572 15.5669
0.572 15.4197
0.572 15.1434
0.572 14.3073
0.572 15.3973
0.572 15.2188
0.572 15.1505
0.572 14.8531
0.572 14.9093
0.572 15.0985
0.572 15.4468
0.572 14.8656
0.572 15.5603
0.572 15.383
0.572 14.8698
0.572 15.6104
0.572 15.1659
0.573 15.8183
0.573 14.9313
0.573 15.2716
0.573 15.4215
0.573 15.5936
0.573 15.5404
0.573 15.5926
0.573 15.3231
0.573 15.081
0.573 15.3339
0.573 14.6453
0.573 15.0809
0.573 15.2507
0.573 15.6087
0.573 15.8581
0.573 15.55
0.573 15.1409
0.573 15.391
0.573 15.4921
0.573 15.7102
0.573 15.4889
0.573 15.7307
0.573 14.9762
0.573 15.277
0.573 15.2495
0.573 15.5014
0.573 15.2102
0.573 15.8053
0.573 15.8319
0.573 15.8723
0.573 15.1947
0.573 15.2243
0.573 15.9554
0.573 15.3207
0.573 15.2869
0.573 15.1628
0.573 13.8383
0.573 14.985
0.573 15.8192
0.573 15.5675
0.573 15.4535
0.573 15.3585
0.573 15.3379
0.573 15.0369
0.573 14.7704
0.573 14.8549
0.573 15.3537
0.573 15.473
0.573 15.4176
0.573 15.5865
0.573 14.9791
0.573 15.6069
0.573 14.6909
0.573 15.6996
0.573 16.0275
0.573 15.4461
0.573 15.0594
0.573 14.8523
0.573 15.2985
0.573 14.6021
0.573 14.4426
0.573 15.7031
0.573 15.7016
0.573 15.1904
0.573 15.6063
0.573 15.4925
0.573 15.3615
0.573 15.3408
0.573 15.7286
0.573 15.8581
0.573 15.6749
0.573 15.3426
0.573 15.8379
0.573 15.3371
0.573 15.2183
0.573 15.468
0.573 15.2465
0.573 14.6708
0.573 15.2259
0.573 15.098
0.573 15.3938
0.573 15.5356
0.573 14.5152
0.573 15.0005
0.573 15.2417
0.573 15.1925
0.573 15.5211
0.573 15.2728
0.573 15.6372
0.573 15.8245
0.573 15.0154
0.573 15.099
0.573 15.7657
0.573 15.2977
0.573 14.6761
0.573 15.61
0.573 15.2519
0.573 14.402
0.573 15.3481
0.573 14.7951
0.574 15.3223
0.574 14.85
0.574 15.4448
0.574 15.4789
0.574 14.9925
0.574 15.7034
0.574 15.6509
0.574 15.6335
0.574 15.0133
0.574 15.5721
0.574 15.2691
0.574 15.8262
0.574 15.3605
0.574 15.2627
0.574 15.9464
0.574 15.3061
0.574 15.7978
0.574 15.2081
0.574 15.2833
0.574 14.8817
0.574 15.938
0.574 15.5612
0.574 15.6854
0.574 15.5749
0.574 15.5207
0.574 14.9395
0.574 15.0624
0.574 15.4173
0.574 15.3676
0.574 15.1991
0.574 15.3749
0.574 15.2227
0.574 15.908
0.574 14.9771
0.574 15.6884
0.574 14.2745
0.574 15.8405
0.574 16.1323
0.574 15.1262
0.574 16.1321
0.574 15.9156
0.574 15.5987
0.574 15.4602
0.574 15.2902
0.574 15.7524
0.574 15.4746
0.574 15.954
0.574 14.7334
0.574 15.3866
0.574 15.2342
0.574 15.7427
0.574 15.5112
0.574 15.237
0.574 15.5401
0.574 15.3884
0.574 15.3769
0.574 15.7703
0.574 15.0841
0.574 15.6425
0.574 15.5724
0.574 15.4041
0.574 15.6051
0.574 15.4505
0.574 15.4493
0.574 15.5506
0.574 15.4058
0.574 15.7687
0.574 15.289
0.574 15.0761
0.574 15.5028
0.574 15.8548
0.574 15.9329
0.574 14.9044
0.574 15.0501
0.574 15.5049
0.574 15.4897
0.574 14.495
0.574 15.2429
0.574 15.0823
0.574 15.1881
0.574 15.0474
0.574 14.7041
0.574 15.2436
0.574 14.8045
0.574 15.8778
0.574 16.1526
0.574 15.311
0.574 15.649
0.574 15.4979
0.574 14.9914
0.574 16.252
0.574 15.4997
0.574 15.2152
0.574 15.0564
0.574 15.2539
0.574 14.8379
0.574 15.5576
0.574 15.9805
0.574 15.2956
0.574 15.4178
0.575 15.9766
0.575 16.04
0.575 16.0124
0.575 14.6327
0.575 14.9638
0.575 15.5415
0.575 15.431
0.575 15.6717
0.575 15.6759
0.575 15.6654
0.575 14.8078
0.575 15.3907
0.575 15.5117
0.575 15.687
0.575 15.2776
0.575 15.6101
0.575 15.4496
0.575 15.7092
0.575 15.302
0.575 15.6503
0.575 14.6789
0.575 15.9842
0.575 15.4497
0.575 16.154
0.575 15.6484
0.575 16.422
0.575 15.872
0.575 14.8925
0.575 16.014
0.575 15.164
0.575 16.1582
0.575 15.7592
0.575 15.3876
0.575 16.1085
0.575 15.9721
0.575 16.0236
0.575 15.1422
0.575 15.7139
0.575 15.6712
0.575 15.6706
0.575 15.4194
0.575 15.9041
0.575 15.6606
0.575 16.1116
0.575 15.7672
0.575 16.1887
0.575 15.7439
0.575 15.909
0.575 15.6208
0.575 15.9804
0.575 14.4212
0.575 15.5364
0.575 15.8183
0.575 16.0385
0.575 14.8801
0.575 14.5263
0.575 16.2298
0.575 15.8851
0.575 14.795
0.575 16.304
0.575 15.8652
0.575 15.1056
0.575 15.6043
0.575 14.8523
0.575 16.1181
0.575 15.5676
0.575 15.5993
0.575 15.6283
0.575 15.5355
0.575 15.8141
0.575 15.5883
0.575 14.7475
0.575 15.6199
0.575 15.4391
0.575 15.5378
0.575 15.5049
0.575 15.7059
0.575 16.0696
0.575 15.6986
0.575 15.6468
0.575 15.9841
0.575 15.5386
0.575 15.8614
0.575 14.4912
0.575 15.768
0.575 15.2177
0.575 14.7926
0.575 15.6712
0.575 15.9637
0.575 15.8794
0.575 15.6752
0.575 15.979
0.575 15.9008
0.575 15.5785
0.575 15.5412
0.575 15.7739
0.575 15.8108
0.575 15.5625
0.575 15.6789
0.575 16.0232
0.576 15.0435
0.576 15.069
0.576 15.7399
0.576 14.3531
0.576 15.2767
0.576 15.3611
0.576 16.0403
0.576 15.704
0.576 15.2641
0.576 15.517
0.576 16.037
0.576 15.4701
0.576 16.4872
0.576 15.3734
0.576 15.6374
0.576 15.6684
0.576 15.5779
0.576 16.0834
0.576 15.5332
0.576 15.1359
0.576 16.0625
0.576 16.1306
0.576 15.5334
0.576 16.4542
0.576 15.9494
0.576 15.8967
0.576 16.4629
0.576 15.2323
0.576 15.9478
0.576 15.2013
0.576 16.2507
0.576 15.7009
0.576 15.0514
0.576 15.9886
0.576 15.1929
0.576 16.08
0.576 15.7751
0.576 15.2082
0.576 15.7399
0.576 15.2709
0.576 16.1893
0.576 15.9295
0.576 15.211
0.576 15.8103
0.576 15.5523
0.576 15.6232
0.576 15.3288
0.576 16.1797
0.576 16.1738
0.576 15.7872
0.576 15.4109
0.576 15.1517
0.576 16.2178
0.576 15.4693
0.576 14.8595
0.576 15.7716
0.576 15.9858
0.576 15.5889
0.576 15.8525
0.576 16.2178
0.576 15.6705
0.576 15.6055
0.576 15.7279
0.576 16.1676
0.576 15.9505
0.576 16.2782
0.576 14.3658
0.576 15.6956
0.576 15.3538
0.576 15.5965
0.576 15.9517
0.576 15.2416
0.576 15.353
0.576 15.9402
0.576 16.6198
0.576 15.7419
0.576 15.2847
0.576 16.0523
0.576 15.7341
0.576 15.5732
0.576 15.6335
0.576 13.9716
0.576 15.6859
0.576 15.9858
0.576 15.4716
0.576 16.1259
0.576 13.4962
0.576 15.8998
0.576 15.9398
0.576 15.6423
0.576 15.8333
0.576 14.8972
0.576 16.0847
0.576 14.8221
0.576 14.3741
0.576 15.2025
0.576 16.2296
0.576 15.7842
0.576 15.8753
0.576 16.2754
0.577 16.2954
0.577 16.1217
0.577 15.944
0.577 15.946
0.577 16.0655
0.577 16.0905
0.577 15.0838
0.577 14.9425
0.577 15.1591
0.577 16.0732
0.577 15.707
0.577 16.1955
0.577 15.7343
0.577 16.0315
0.577 16.1796
0.577 16.7435
0.577 16.3898
0.577 14.927
0.577 15.5678
0.577 15.9919
0.577 16.4139
0.577 15.5031
0.577 15.8433
0.577 15.0379
0.577 15.9826
0.577 15.4347
0.577 16.2658
0.577 15.649
0.577 15.5852
0.577 16.1488
0.577 16.8468
0.577 15.3423
0.577 15.6579
0.577 14.8066
0.577 16.1489
0.577 15.8875
0.577 15.1968
0.577 15.6572
0.577 15.8394
0.577 16.1738
0.577 15.5682
0.577 16.355
0.577 15.6561
0.577 15.6379
0.577 15.5979
0.577 15.4849
0.577 15.7702
0.577 15.1296
0.577 15.6556
0.577 15.9972
0.577 16.2633
0.577 14.8257
0.577 15.7426
0.577 16.3581
0.577 16.2634
0.577 16.138
0.577 15.9612
0.577 15.46
0.577 16.1285
0.577 16.0827
0.577 15.7511
0.577 16.2042
0.577 15.6928
0.577 16.1783
0.577 14.9539
0.577 12.2837
0.577 16.2428
0.577 15.9371
0.577 16.503
0.577 15.0563
0.577 15.7937
0.577 15.901
0.577 16.0757
0.577 16.1034
0.577 15.9865
0.577 15.795
0.577 15.7058
0.577 16.1395
0.577 15.4796
0.577 13.9826
0.577 15.8298
0.577 15.7593
0.577 15.443
0.577 15.8194
0.577 16.0554
0.577 16.1249
0.577 15.3954
0.577 15.4982
0.577 16.4893
0.577 15.5275
0.577 14.0733
0.577 16.632
0.577 15.6738
0.577 16.2947
0.577 16.1095
0.577 15.4956
0.577 15.2422
0.577 15.5237
0.577 15.6727
0.577 16.1819
0.578 16.8154
0.578 15.9243
0.578 16.3319
0.578 16.6393
0.578 15.7233
0.578 15.4225
0.578 14.4737
0.578 15.3117
0.578 16.4754
0.578 16.1906
0.578 16.0361
0.578 16.2807
0.578 16.426
0.578 15.6259
0.578 14.6635
0.578 15.5552
0.578 16.3437
0.578 16.1841
0.578 14.6722
0.578 15.6229
0.578 15.3894
0.578 15.4848
0.578 16.0671
0.578 16.8203
0.578 15.5839
0.578 15.8298
0.578 14.3693
0.578 16.0074
0.578 15.9926
0.578 14.9201
0.578 16.4604
0.578 15.8721
0.578 15.1325
0.578 14.9252
0.578 15.571
0.578 16.093
0.578 15.6422
0.578 16.1175
0.578 15.9957
0.578 15.9927
0.578 16.0048
0.578 15.9677
0.578 16.3721
0.578 16.2845
0.578 16.5064
0.578 15.2461
0.578 15.6826
0.578 15.8759
0.578 15.6154
0.578 16.703
0.578 15.7383
0.578 16.1818
0.578 16.4073
0.578 16.3522
0.578 16.0964
0.578 16.8011
0.578 15.9744
0.578 16.387
0.578 16.4527
0.578 15.9113
0.578 15.7855
0.578 15.7643
0.578 15.7797
0.578 15.838
0.578 16.7762
0.578 15.5967
0.578 15.3123
0.578 15.4664
0.578 16.0017
0.578 16.2073
0.578 16.1899
0.578 15.0039
0.578 15.4433
0.578 16.719
0.578 15.7632
0.578 15.9731
0.578 16.1018
0.578 14.5423
0.578 16.3588
0.578 15.5285
0.578 15.0304
0.578 16.3364
0.578 15.8644
0.578 15.8391
0.578 15.5777
0.578 16.4611
0.578 14.7934
0.578 15.7527
0.578 14.2301
0.578 15.9866
0.578 15.5719
0.578 14.8703
0.578 15.7195
0.578 15.9853
0.578 15.5684
0.578 15.5236
0.578 15.1401
0.578 15.7579
0.578 15.9318
0.578 15.7338
0.579 15.6372
0.579 16.3229
0.579 16.2724
0.579 16.1775
0.579 13.6089
0.579 16.8298
0.579 16.3265
0.579 16.5036
0.579 16.1907
0.579 16.2002
0.579 15.8594
0.579 16.4502
0.579 16.6881
0.579 15.8621
0.579 16.3442
0.579 16.6785
0.579 15.433
0.579 16.4989
0.579 16.3552
0.579 15.7736
0.579 16.2461
0.579 15.4545
0.579 16.0313
0.579 15.436
0.579 15.2821
0.579 16.7618
0.579 15.5738
0.579 15.7083
0.579 15.0591
0.579 15.2207
0.579 16.3476
0.579 16.0096
0.579 14.7713
0.579 15.9853
0.579 16.5373
0.579 16.0831
0.579 15.6309
0.579 16.349
0.579 16.6606
0.579 15.9896
0.579 16.153
0.579 15.8401
0.579 15.7292
0.579 15.2692
0.579 15.6446
0.579 14.7631
0.579 14.6438
0.579 15.7944
0.579 15.631
0.579 15.3026
0.579 15.7182
0.579 16.7109
0.579 16.4328
0.579 16.2613
0.579 15.7213
0.579 16.783
0.579 14.8301
0.579 15.4108
0.579 16.4483
0.579 16.1248
0.579 16.0656
0.579 16.9468
0.579 15.8598
0.579 14.9821
0.579 15.427
0.579 16.0465
0.579 16.1783
0.579 15.8019
0.579 16.301
0.579 15.5169
0.579 15.421
0.579 15.883
0.579 16.1337
0.579 16.0262
0.579 15.9827
0.579 15.8607
0.579 14.762
0.579 16.0847
0.579 15.6342
0.579 14.6187
0.579 15.1776
0.579 15.7963
0.579 16.6251
0.579 17.0222
0.579 16.1867
0.579 16.2111
0.579 15.3672
0.579 17.2697
0.579 15.691
0.579 16.7057
0.579 14.6955
0.579 16.4935
0.579 15.0539
0.579 15.4228
0.579 15.7393
0.579 16.4882
0.579 16.3082
0.579 13.0682
0.579 16.4659
0.579 14.3215
0.58 16.6813
0.58 16.0703
0.58 15.6982
0.58 14.8645
0.58 15.594
0.58 16.1541
0.58 15.9193
0.58 16.8044
0.58 15.7484
0.58 16.5698
0.58 15.4465
0.58 16.1456
0.58 16.2062
0.58 16.0742
0.58 16.8219
0.58 16.2277
0.58 16.61
0.58 16.2086
0.58 14.8663
0.58 15.3329
0.58 16.3252
0.58 16.1814
0.58 15.2968
0.58 15.2436
0.58 14.9945
0.58 14.7611
0.58 16.5501
0.58 16.8712
0.58 15.4896
0.58 15.5609
0.58 15.8467
0.58 16.6393
0.58 15.9623
0.58 16.4849
0.58 15.5136
0.58 15.8851
0.58 16.6551
0.58 16.6656
0.58 16.7448
0.58 16.2505
0.58 13.7018
0.58 16.591
0.58 15.1376
0.58 16.6595
0.58 16.1491
0.58 14.6391
0.58 16.1108
0.58 16.2237
0.58 14.6663
0.58 15.8948
0.58 16.1503
0.58 16.4913
0.58 16.2581
0.58 15.9897
0.58 14.9288
0.58 16.766
0.58 15.3623
0.58 15.4255
0.58 15.6518
0.58 16.2054
0.58 15.9237
0.58 16.3665
0.58 16.6826
0.58 15.9917
0.58 16.769
0.58 16.4554
0.58 16.8992
0.58 16.1518
0.58 16.7
0.58 16.0356
0.58 15.8498
0.58 16.7344
0.58 15.9492
0.58 16.6438
0.58 14.6511
0.58 16.2905
0.58 16.1569
0.58 15.3971
0.58 16.8884
0.58 15.7178
0.58 16.911
0.58 16.5599
0.58 16.619
0.58 16.4127
0.58 16.4375
0.58 16.457
0.58 16.3945
0.58 16.2515
0.58 15.8726
0.58 16.685
0.58 15.9659
0.58 15.3796
0.58 15.7227
0.58 15.7739
0.58 16.9756
0.58 16.8331
0.58 15.72
0.58 16.142
0.58 15.1448
0.58 15.551
0.581 12.7497
0.581 15.8322
0.581 16.3664
0.581 16.3448
0.581 15.758
0.581 16.4282
0.581 16.8731
0.581 16.0896
0.581 16.3291
0.581 16.059
0.581 16.8183
0.581 16.5446
0.581 16.7658
0.581 16.2508
0.581 16.1356
0.581 16.3913
0.581 16.2262
0.581 17.1298
0.581 15.6037
0.581 16.696
0.581 16.747
0.581 14.3182
0.581 17.4794
0.581 14.6555
0.581 16.895
0.581 15.8374
0.581 16.9543
0.581 14.0524
0.581 16.8251
0.581 16.2856
0.581 16.4249
0.581 16.2071
0.581 16.5443
0.581 17.0795
0.581 16.3972
0.581 15.4759
0.581 16.3224
0.581 15.7959
0.581 16.2006
0.581 15.8739
0.581 15.8881
0.581 16.2836
0.581 16.2427
0.581 14.9168
0.581 13.6582
0.581 15.5748
0.581 16.589
0.581 16.1843
0.581 17.0736
0.581 16.1338
0.581 16.1815
0.581 16.7674
0.581 16.3652
0.581 14.0412
0.581 16.3335
0.581 16.0141
0.581 16.3484
0.581 15.9724
0.581 16.4642
0.581 15.9914
0.581 15.2518
0.581 16.0826
0.581 15.0555
0.581 15.855
0.581 16.2448
0.581 16.301
0.581 16.9543
0.581 16.6099
0.581 16.2711
0.581 17.3855
0.581 15.3789
0.581 16.283
0.581 16.3162
0.581 17.4553
0.581 16.0848
0.581 14.8793
0.581 15.3505
0.581 16.3795
0.581 16.3566
0.581 16.3873
0.581 16.3099
0.581 15.795
0.581 15.891
0.581 17.6213
0.581 15.8877
0.581 15.953
0.581 15.8644
0.581 16.1763
0.581 16.5886
0.581 15.9168
0.581 17.0472
0.581 16.1515
0.581 15.1259
0.581 16.0324
0.581 16.4018
0.581 16.1336
0.581 16.6631
0.581 15.6466
0.581 16.4776
0.581 14.5119
0.582 16.6094
0.582 16.1313
0.582 16.1387
0.582 15.5283
0.582 13.2853
0.582 17.2329
0.582 15.4876
0.582 16.8958
0.582 15.5097
0.582 16.5299
0.582 14.4643
0.582 16.6615
0.582 16.7733
0.582 16.5014
0.582 15.434
0.582 15.8885
0.582 16.5466
0.582 17.2024
0.582 16.0903
0.582 15.8383
0.582 16.2438
0.582 16.6084
0.582 16.4303
0.582 15.9878
0.582 16.49
0.582 15.7632
0.582 12.0631
0.582 16.4938
0.582 16.1471
0.582 15.1871
0.582 16.7946
0.582 15.9323
0.582 17.505
0.582 16.7132
0.582 14.4377
0.582 15.6189
0.582 16.3002
0.582 16.7537
0.582 14.9845
0.582 15.2587
0.582 16.0221
0.582 15.7361
0.582 16.1378
0.582 15.5049
0.582 14.7685
0.582 16.5303
0.582 16.5358
0.582 15.942
0.582 16.9548
0.582 16.1404
0.582 14.4105
0.582 15.9736
0.582 16.1559
0.582 13.9147
0.582 15.4198
0.582 15.7582
0.582 16.6934
0.582 16.4641
0.582 15.0946
0.582 14.9804
0.582 15.3682
0.582 16.4376
0.582 16.4994
0.582 16.2005
0.582 16.5241
0.582 16.9811
0.582 16.6437
0.582 15.9694
0.582 16.1383
0.582 14.1342
0.582 14.3879
0.582 11.5575
0.582 15.0702
0.582 16.5504
0.582 16.6816
0.582 14.7766
0.582 15.2165
0.582 13.7515
0.582 16.4173
0.582 15.3401
0.582 14.8137
0.582 17.2118
0.582 15.3683
0.582 16.5121
0.582 14.8102
0.582 16.6155
0.582 16.8387
0.582 15.7557
0.582 16.1152
0.582 14.6932
0.582 17.3135
0.582 16.4945
0.582 15.6467
0.582 16.5694
0.582 16.4792
0.582 16.1913
0.582 16.3491
0.582 17.7218
0.582 14.0712
0.582 16.9778
0.583 14.283
0.583 16.9724
0.583 15.3327
0.583 14.4444
0.583 13.2436
0.583 16.3136
0.583 14.1618
0.583 16.1327
0.583 16.9003
0.583 17.347
0.583 16.052
0.583 16.4151
0.583 16.5253
0.583 16.5191
0.583 15.3658
0.583 16.4809
0.583 16.0535
0.583 15.2272
0.583 16.7627
0.583 17.1298
0.583 15.6149
0.583 16.4549
0.583 14.3894
0.583 16.2746
0.583 14.3324
0.583 14.31
0.583 16.3732
0.583 16.4548
0.583 15.6995
0.583 16.7005
0.583 16.9457
0.583 16.6229
0.583 15.7366
0.583 16.1099
0.583 16.6551
0.583 16.9675
0.583 15.0861
0.583 15.9278
0.583 16.6214
0.583 16.3319
0.583 15.2702
0.583 15.8359
0.583 15.3927
0.583 15.8854
0.583 15.3501
0.583 16.0577
0.583 16.3501
0.583 15.8544
0.583 13.5647
0.583 14.1389
0.583 14.9308
0.583 15.7537
0.583 16.5658
0.583 17.453
0.583 15.7408
0.583 15.4624
0.583 17.0779
0.583 16.9695
0.583 16.2135
0.583 16.6259
0.583 17.3183
0.583 16.302
0.583 16.7208
0.583 15.9916
0.583 16.7283
0.583 16.1373
0.583 14.9135
0.583 15.1851
0.583 15.1655
0.583 13.891
0.583 17.183
0.583 14.4679
0.583 16.3618
0.583 16.4999
0.583 17.3999
0.583 16.8231
0.583 14.9356
0.583 15.1113
0.583 14.9967
0.583 17.1125
0.583 15.9741
0.583 13.4761
0.583 17.3974
0.583 15.8602
0.583 16.2819
0.583 17.4771
0.583 15.0438
0.583 16.1996
0.583 16.6346
0.583 13.2294
0.583 17.4
0.583 15.5006
0.583 16.67
0.583 13.2747
0.583 16.5151
0.583 16.174
0.583 16.3555
0.583 17.4221
0.583 16.25
0.583 16.9766
0.584 15.8476
0.584 16.9829
0.584 15.9768
0.584 13.6748
0.584 17.4642
0.584 14.9668
0.584 15.9513
0.584 14.256
0.584 16.0816
0.584 16.58
0.584 17.3505
0.584 13.3927
0.584 15.9669
0.584 16.2479
0.584 15.834
0.584 17.1349
0.584 15.9907
0.584 13.888
0.584 17.1834
0.584 16.5242
0.584 16.9572
0.584 15.6731
0.584 14.1885
0.584 14.4643
0.584 15.467
0.584 12.2618
0.584 15.8995
0.584 14.9731
0.584 17.5179
0.584 15.3281
0.584 16.4646
0.584 16.5523
0.584 13.7434
0.584 14.1712
0.584 17.0302
0.584 16.973
0.584 14.7726
0.584 16.108
0.584 17.4227
0.584 16.1267
0.584 16.088
0.584 17.2854
0.584 16.9337
0.584 14.3193
0.584 15.6813
0.584 16.8885
0.584 17.1436
0.584 16.1216
0.584 16.1244
0.584 16.3853
0.584 15.9525
0.584 15.0223
0.584 16.9183
0.584 16.2011
0.584 15.0649
0.584 14.8417
0.584 16.485
0.584 14.6151
0.584 17.2937
0.584 16.4655
0.584 15.9716
0.584 16.6114
0.584 15.3736
0.584 16.0722
0.584 15.961
0.584 17.6321
0.584 16.5588
0.584 16.755
0.584 16.8228
0.584 15.5112
0.584 16.5216
0.584 13.9675
0.584 15.255
0.584 16.0033
0.584 17.1142
0.584 15.3281
0.584 16.4885
0.584 16.7303
0.584 14.733
0.584 16.5868
0.584 13.6688
0.584 17.4046
0.584 12.6335
0.584 16.8791
0.584 16.6274
0.584 16.3611
0.584 11.1927
0.584 15.5708
0.584 16.9553
0.584 17.0966
0.584 14.4114
0.584 17.2264
0.584 16.4628
0.584 17.6351
0.584 16.3105
0.584 16.4278
0.584 16.326
0.584 17.4779
0.584 15.2016
0.584 17.0477
0.585 15.105
0.585 16.2781
0.585 15.2012
0.585 15.9028
0.585 12.9852
0.585 12.2247
0.585 16.0686
0.585 14.9416
0.585 15.6175
0.585 16.9408
0.585 13.2545
0.585 13.7904
0.585 15.3233
0.585 13.6403
0.585 16.8582
0.585 11.875
0.585 14.8696
0.585 16.4515
0.585 16.5632
0.585 13.413
0.585 17.6312
0.585 15.2428
0.585 15.6564
0.585 13.264
0.585 17.1362
0.585 12.9265
0.585 14.6601
0.585 16.6805
0.585 17.8459
0.585 15.6455
0.585 16.4407
0.585 17.2492
0.585 16.367
0.585 16.7188
0.585 15.311
0.585 15.8188
0.585 15.0225
0.585 17.1546
0.585 17.4898
0.585 15.5784
0.585 15.9335
0.585 11.9453
0.585 16.5993
0.585 16.7779
0.585 16.0351
0.585 16.1478
0.585 13.8804
0.585 16.4865
0.585 15.0312
0.585 16.4666
0.585 15.5809
0.585 17.314
0.585 17.3371
0.585 15.2355
0.585 16.6819
0.585 15.3692
0.585 16.81
0.585 16.8678
0.585 15.8338
0.585 12.7064
0.585 17.1142
0.585 15.7533
0.585 14.7618
0.585 16.7847
0.585 15.9565
0.585 15.5589
0.585 17.1909
0.585 17.3281
0.585 16.9479
0.585 17.2695
0.585 16.9499
0.585 14.5998
0.585 17.1286
0.585 16.9219
0.585 15.2058
0.585 16.6643
0.585 17.0166
0.585 17.0609
0.585 15.9366
0.585 15.5937
0.585 16.116
0.585 15.5738
0.585 17.6806
0.585 15.7083
0.585 16.5428
0.585 15.4931
0.585 17.2203
0.585 14.4324
0.585 16.2453
0.585 16.3472
0.585 12.2142
0.585 15.2617
0.585 17.4851
0.585 14.8907
0.585 14.3255
0.585 12.8622
0.585 15.3439
0.585 16.8574
0.585 15.6684
0.585 14.6619
0.586 16.6838
0.586 17.7162
0.586 14.7479
0.586 16.5262
0.586 16.8943
0.586 15.9903
0.586 14.3977
0.586 16.5224
0.586 13.1687
0.586 13.9303
0.586 14.708
0.586 9.96762
0.586 13.8285
0.586 15.7859
0.586 15.7607
0.586 15.995
0.586 15.753
0.586 16.7241
0.586 13.2232
0.586 13.0938
0.586 15.1547
0.586 14.0441
0.586 14.7251
0.586 16.1919
0.586 17.1249
0.586 15.0229
0.586 16.6697
0.586 14.8864
0.586 17.7389
0.586 16.7975
0.586 16.6552
0.586 15.9969
0.586 16.6801
0.586 15.958
0.586 13.2292
0.586 14.9038
0.586 16.5365
0.586 16.301
0.586 17.966
0.586 13.9411
0.586 17.1426
0.586 16.7992
0.586 14.0271
0.586 17.4671
0.586 17.2497
0.586 15.9055
0.586 14.9771
0.586 16.2469
0.586 15.7624
0.586 16.6926
0.586 17.2078
0.586 15.7092
0.586 16.5712
0.586 16.6984
0.586 16.9441
0.586 16.6766
0.586 10.6901
0.586 16.2046
0.586 15.9162
0.586 16.2533
0.586 15.5048
0.586 16.3535
0.586 16.0332
0.586 16.9775
0.586 15.4015
0.586 11.3272
0.586 15.7848
0.586 14.9671
0.586 16.8337
0.586 18.113
0.586 16.2034
0.586 17.0768
0.586 13.2459
0.586 15.6287
0.586 17.5501
0.586 14.8114
0.586 13.2905
0.586 15.7602
0.586 15.2472
0.586 16.1514
0.586 16.3105
0.586 11.5079
0.586 17.2189
0.586 16.4034
0.586 15.4975
0.586 17.3811
0.586 15.3904
0.586 17.5152
0.586 15.5625
0.586 14.6778
0.586 15.3983
0.586 17.1287
0.586 17.1711
0.586 16.587
0.586 14.9032
0.586 16.969
0.586 16.7001
0.586 16.4378
0.586 16.027
0.586 17.9188
0.587 17.1175
0.587 15.6484
0.587 14.7519
0.587 16.5168
0.587 13.4784
0.587 16.5076
0.587 16.5217
0.587 15.9899
0.587 15.0665
0.587 18.5535
0.587 12.4035
0.587 16.8743
0.587 14.4925
0.587 17.0878
0.587 16.0597
0.587 17.1957
0.587 13.092
0.587 15.142
0.587 16.7181
0.587 13.2926
0.587 15.6131
0.587 17.4051
0.587 16.421
0.587 15.3501
0.587 16.8729
0.587 16.2345
0.587 17.8072
0.587 17.0138
0.587 17.7018
0.587 17.4822
0.587 14.3641
0.587 15.3762
0.587 16.4389
0.587 16.8645
0.587 16.1215
0.587 13.2193
0.587 14.8823
0.587 16.119
0.587 13.9264
0.587 17.9278
0.587 16.3564
0.587 17.4571
0.587 16.0898
0.587 16.9542
0.587 16.253
0.587 16.1351
0.587 15.9233
0.587 11.2539
0.587 16.7291
0.587 13.4552
0.587 14.8027
0.587 17.3632
0.587 16.235
0.587 14.3632
0.587 14.3026
0.587 13.5656
0.587 16.9136
0.587 13.4006
0.587 16.8069
0.587 15.2728
0.587 13.93
0.587 14.1798
0.587 15.1176
0.587 14.6991
0.587 14.563
0.587 14.9194
0.587 17.2628
0.587 17.0871
0.587 16.6129
0.587 13.9182
0.587 15.9398
0.587 16.8717
0.587 16.3691
0.587 16.1813
0.587 13.7641
0.587 14.6762
0.587 16.5682
0.587 16.7395
0.587 15.5806
0.587 16.1035
0.587 16.6199
0.587 15.2111
0.587 16.425
0.587 13.9159
0.587 16.1562
0.587 17.7804
0.587 14.4434
0.587 14.5678
0.587 14.5313
0.587 12.0621
0.587 16.5151
0.587 16.3318
0.587 16.402
0.587 15.5089
0.587 16.6521
0.587 13.9299
0.587 16.4359
0.587 14.9661
0.587 16.9813
0.587 16.7324
0.588 17.3496
0.588 12.9468
0.588 15.4101
0.588 16.61
0.588 13.7911
0.588 17.3795
0.588 16.9031
0.588 11.6381
0.588 15.4019
0.588 17.341
0.588 11.5644
0.588 16.2176
0.588 16.3192
0.588 12.6942
0.588 14.9277
0.588 12.9409
0.588 17.9054
0.588 16.7658
0.588 9.58553
0.588 17.4788
0.588 17.2801
0.588 13.3798
0.588 13.9677
0.588 17.6274
0.588 17.5658
0.588 15.7853
0.588 16.3064
0.588 14.7671
0.588 17.3347
0.588 16.4435
0.588 13.9044
0.588 15.5708
0.588 12.6734
0.588 10.6132
0.588 13.0131
0.588 16.8344
0.588 16.5181
0.588 16.2091
0.588 16.416
0.588 15.64
0.588 15.6567
0.588 17.458
0.588 16.6047
0.588 14.9787
0.588 15.5383
0.588 14.3874
0.588 17.8325
0.588 14.2972
0.588 16.5543
0.588 15.6502
0.588 16.316
0.588 16.3214
0.588 17.423
0.588 15.7473
0.588 15.3215
0.588 8.29827
0.588 12.1912
0.588 14.0574
0.588 12.7405
0.588 17.087
0.588 13.2022
0.588 15.6134
0.588 18.2817
0.588 14.5939
0.588 10.0917
0.588 15.3335
0.588 13.5763
0.588 17.7277
0.588 15.9061
0.588 16.1735
0.588 14.3074
0.588 13.9199
0.588 15.9831
0.588 9.62525
0.588 12.7056
0.588 15.8836
0.588 17.0572
0.588 15.0912
0.588 13.254
0.588 14.6792
0.588 16.2291
0.588 15.2443
0.588 15.5725
0.588 15.9793
0.588 15.1272
0.588 11.0056
0.588 16.8691
0.588 13.6195
0.588 15.3789
0.588 11.9918
0.588 13.3391
0.588 16.2599
0.588 13.3766
0.588 15.0608
0.588 17.4046
0.588 13.4614
0.588 17.7923
0.588 17.8681
0.588 17.0148
0.588 15.5023
0.589 13.6819
0.589 12.0846
0.589 13.0188
0.589 8.6092
0.589 15.9019
0.589 15.8612
0.589 14.6392
0.589 14.363
0.589 14.9622
0.589 16.3973
0.589 16.6068
0.589 15.0077
0.589 15.4041
0.589 15.1027
0.589 17.6425
0.589 16.9901
0.589 15.02
0.589 17.3291
0.589 17.6868
0.589 16.3255
0.589 14.5832
0.589 10.3626
0.589 16.8306
0.589 11.5433
0.589 17.0974
0.589 15.6399
0.589 10.5659
0.589 17.6269
0.589 12.9405
0.589 12.3982
0.589 12.9856
0.589 12.8713
0.589 13.3856
0.589 15.2113
0.589 13.745
0.589 10.9275
0.589 10.5299
0.589 15.8826
0.589 11.3474
0.589 14.2327
0.589 17.6061
0.589 15.1455
0.589 16.2489
0.589 13.2527
0.589 13.8552
0.589 14.1254
0.589 14.4303
0.589 15.36
0.589 16.2289
0.589 16.1341
0.589 13.1804
0.589 11.8699
0.589 14.7493
0.589 15.3485
0.589 14.8892
0.589 17.7179
0.589 15.7808
0.589 18.0691
0.589 12.405
0.589 16.5343
0.589 15.5882
0.589 14.4888
0.589 13.8426
0.589 12.7482
0.589 17.0604
0.589 14.7461
0.589 17.2576
0.589 17.3925
0.589 16.5959
0.589 15.0665
0.589 15.0659
0.589 9.25699
0.589 10.8945
0.589 16.6947
0.589 16.9871
0.589 17.1883
0.589 10.4604
0.589 14.5039
0.589 11.0033
0.589 14.0825
0.589 15.9709
0.589 16.7168
0.589 11.2658
0.589 13.8283
0.589 16.0879
0.589 11.6327
0.589 16.1945
0.589 16.6123
0.589 10.9599
0.589 15.548
0.589 16.5562
0.589 16.7745
0.589 13.373
0.589 16.0921
0.589 14.4192
0.589 15.6705
0.589 15.7358
0.589 15.0175
0.589 13.6461
0.589 17.1806
0.59 13.1171
0.59 17.094
0.59 16.6149
0.59 8.97473
0.59 16.8575
0.59 7.51236
0.59 17.0268
0.59 14.973
0.59 14.7161
0.59 15.6347
0.59 17.356
0.59 10.9727
0.59 11.9003
0.59 15.5208
0.59 13.1783
0.59 17.2208
0.59 15.3655
0.59 17.0814
0.59 14.3723
0.59 16.3578
0.59 14.4243
0.59 15.6972
0.59 14.6248
0.59 12.5583
0.59 8.29085
0.59 16.583
0.59 16.5214
0.59 11.166
0.59 16.0325
0.59 14.1225
0.59 17.0959
0.59 16.1941
0.59 16.8116
0.59 12.7176
0.59 15.5798
0.59 15.784
0.59 15.3351
0.59 16.1195
0.59 13.7278
0.59 16.1094
0.59 14.8973
0.59 8.8714
0.59 16.5121
0.59 12.0828
0.59 14.311
0.59 11.4216
0.59 10.8861
0.59 15.6708
0.59 11.4798
0.59 13.4261
0.59 9.40022
0.59 15.08
0.59 18.2213
0.59 12.0722
0.59 16.7194
0.59 15.2863
0.59 16.1117
0.59 14.5455
0.59 11.5449
0.59 11.0438
0.59 16.1501
0.59 13.8276
0.59 13.5673
0.59 16.7095
0.59 11.8721
0.59 13.9174
0.59 15.7558
0.59 17.8549
0.59 11.6221
0.59 14.9692
0.59 10.2298
0.59 14.3333
0.59 16.5926
0.59 14.2646
0.59 15.2309
0.59 9.92775
0.59 15.7388
0.59 14.5366
0.59 11.4141
0.59 14.2394
0.59 16.6228
0.59 16.9946
0.59 11.8966
0.59 14.804
0.59 11.1384
0.59 12.5683
0.59 11.4325
0.59 16.3667
0.59 16.9192
0.59 14.1347
0.59 14.2161
0.59 13.445
0.59 8.52234
0.59 15.2171
0.59 13.9315
0.59 10.4993
0.59 13.1681
0.59 15.2792
0.59 15.6743
0.59 14.6829
0.591 15.0291
0.591 10.1021
0.591 10.0496
0.591 12.7798
0.591 15.6657
0.591 17.2696
0.591 17.3588
0.591 15.1434
0.591 10.468
0.591 15.9915
0.591 14.8328
0.591 12.6079
0.591 16.7336
0.591 8.38836
0.591 9.76758
0.591 15.2934
0.591 17.0783
0.591 10.2371
0.591 16.1199
0.591 14.2241
0.591 11.129
0.591 14.4023
0.591 12.573
0.591 10.2611
0.591 10.1678
0.591 15.222
0.591 16.8113
0.591 13.7455
0.591 15.4645
0.591 13.964
0.591 13.0081
0.591 11.1808
0.591 16.5371
0.591 14.7428
0.591 10.9993
0.591 13.953
0.591 16.7702
0.591 13.0892
0.591 11.789
0.591 16.3251
0.591 10.0809
0.591 8.50874
0.591 14.0832
0.591 15.1537
0.591 8.36882
0.591 8.40376
0.591 16.6955
0.591 15.2846
0.591 14.6024
0.591 11.7008
0.591 15.8335
0.591 16.6231
0.591 9.9596
0.591 15.1647
0.591 11.2589
0.591 10.8196
0.591 14.9329
0.591 16.3435
0.591 14.4176
0.591 10.3489
0.591 11.0686
0.591 9.43602
0.591 16.6845
0.591 9.33071
0.591 12.9388
0.591 13.5255
0.591 17.6848
0.591 12.3035
0.591 16.2229
0.591 10.3565
0.591 16.5064
0.591 13.7156
0.591 10.8152
0.591 10.4283
0.591 14.2251
0.591 12.4001
0.591 14.5224
0.591 12.988
0.591 12.5578
0.591 13.5626
0.591 17.0758
0.591 14.2079
0.591 15.8928
0.591 12.5982
0.591 14.4263
0.591 17.8879
0.591 15.6075
0.591 17.9403
0.591 9.68517
0.591 15.6488
0.591 13.6475
0.591 10.8505
0.591 10.4937
0.591 10.6713
0.591 13.0894
0.591 14.8288
0.591 14.1247
0.591 17.2698
0.591 13.8727
0.591 13.4883
0.592 9.70858
0.592 13.9514
0.592 17.6318
0.592 16.0893
0.592 16.5948
0.592 15.4666
0.592 17.5069
0.592 14.6779
0.592 15.1691
0.592 13.7469
0.592 10.4783
0.592 16.2625
0.592 17.5381
0.592 14.2523
0.592 9.45039
0.592 16.1976
0.592 16.6701
0.592 12.9976
0.592 10.5371
0.592 10.2796
0.592 17.954
0.592 15.2616
0.592 12.5324
0.592 7.79378
0.592 8.83043
0.592 13.3978
0.592 7.77897
0.592 17.5036
0.592 17.7618
0.592 11.2965
0.592 12.5673
0.592 14.4992
0.592 15.189
0.592 16.3597
0.592 15.2141
0.592 14.9368
0.592 9.80806
0.592 14.416
0.592 8.24126
0.592 15.8984
0.592 15.4495
0.592 18.2123
0.592 12.157
0.592 10.3378
0.592 13.7862
0.592 13.2712
0.592 14.0342
0.592 7.69654
0.592 12.4975
0.592 10.7439
0.592 8.24318
0.592 8.98387
0.592 13.0132
0.592 15.6642
0.592 18.421
0.592 12.923
0.592 14.9672
0.592 15.866
0.592 14.3552
0.592 14.6478
0.592 8.51852
0.592 14.0377
0.592 13.4369
0.592 14.5033
0.592 13.1361
0.592 13.7014
0.592 12.6264
0.592 17.1223
0.592 16.3699
0.592 15.5268
0.592 15.4026
0.592 10.814
0.592 7.447
0.592 13.9423
0.592 16.1176
0.592 15.2734
0.592 12.7172
0.592 11.7866
0.592 14.3638
0.592 16.0484
0.592 12.7415
0.592 9.73286
0.592 17.6618
0.592 16.0464
0.592 11.5052
0.592 11.1157
0.592 11.8978
0.592 15.1986
0.592 9.06752
0.592 12.1566
0.592 14.3141
0.592 14.6822
0.592 15.0792
0.592 16.8987
0.592 15.7274
0.592 14.8208
0.592 10.6409
0.592 10.5567
0.592 12.9058
0.592 14.909
0.593 12.6658
0.593 12.1668
0.593 18.0503
0.593 9.50621
0.593 8.10806
0.593 14.0809
0.593 11.2567
0.593 16.6709
0.593 9.13788
0.593 10.9945
0.593 10.7728
0.593 13.7382
0.593 12.3449
0.593 17.9486
0.593 9.39082
0.593 10.8226
0.593 12.0693
0.593 9.85904
0.593 16.0673
0.593 14.6296
0.593 15.6967
0.593 10.5559
0.593 16.3912
0.593 12.7005
0.593 10.9419
0.593 7.64353
0.593 10.5402
0.593 6.93787
0.593 8.84611
0.593 8.81292
0.593 18.2674
0.593 18.7269
0.593 10.4168
0.593 10.2269
0.593 9.97777
0.593 12.8416
0.593 8.40109
0.593 7.94388
0.593 12.2879
0.593 13.0659
0.593 12.1345
0.593 15.94
0.593 13.7207
0.593 14.1632
0.593 10.0427
0.593 13.6303
0.593 15.703
0.593 16.7426
0.593 11.4111
0.593 13.0024
0.593 8.4106
0.593 14.997
0.593 14.5431
0.593 11.9969
0.593 15.3625
0.593 12.5058
0.593 13.7399
0.593 13.2368
0.593 18.4059
0.593 14.8976
0.593 12.4568
0.593 11.6507
0.593 15.7182
0.593 15.0537
0.593 11.8597
0.593 13.2123
0.593 11.8279
0.593 12.4341
0.593 18.7863
0.593 12.4756
0.593 16.1824
0.593 13.0204
0.593 15.5364
0.593 15.0781
0.593 14.0341
0.593 12.4543
0.593 14.22
0.593 17.9996
0.593 16.68
0.593 11.167
0.593 8.563
0.593 17.2168
0.593 11.0852
0.593 14.0916
0.593 14.0332
0.593 12.7831
0.593 14.1791
0.593 9.91805
0.593 14.4826
0.593 14.586
0.593 7.42184
0.593 13.5998
0.593 9.49935
0.593 8.89471
0.593 8.70096
0.593 8.15474
0.593 9.56516
0.593 9.28099
0.593 8.43528
0.593 11.2643
0.594 16.1175
0.594 16.9968
0.594 10.6691
0.594 12.9866
0.594 14.4309
0.594 10.9931
0.594 12.0317
0.594 10.0773
0.594 11.6142
0.594 7.7527
0.594 11.9003
0.594 13.6664
0.594 9.41075
0.594 13.0429
0.594 15.4711
0.594 8.71152
0.594 7.8025
0.594 12.4945
0.594 11.4323
0.594 8.25279
0.594 13.5251
0.594 18.6456
0.594 12.226
0.594 9.84994
0.594 6.22705
0.594 7.63598
0.594 16.1186
0.594 15.4216
0.594 9.51211
0.594 12.3065
0.594 10.1472
0.594 9.23653
0.594 9.56388
0.594 14.866
0.594 11.4248
0.594 17.0202
0.594 9.99651
0.594 7.81254
0.594 11.5482
0.594 10.9496
0.594 15.2212
0.594 11.2106
0.594 9.39309
0.594 6.76559
0.594 15.2874
0.594 17.0733
0.594 9.03799
0.594 13.8897
0.594 11.161
0.594 14.0385
0.594 9.4385
0.594 10.9838
0.594 15.1872
0.594 14.4212
0.594 9.17827
0.594 8.63623
0.594 14.9609
0.594 14.6506
0.594 11.4462
0.594 8.22446
0.594 18.0192
0.594 9.09751
0.594 14.824
0.594 12.9545
0.594 12.96
0.594 15.95
0.594 15.8004
0.594 14.0013
0.594 13.7944
0.594 9.06175
0.594 12.225
0.594 11.3463
0.594 16.4118
0.594 9.30372
0.594 10.1472
0.594 8.60504
0.594 11.0641
0.594 16.1203
0.594 16.1943
0.594 8.01317
0.594 13.009
0.594 16.6182
0.594 12.1886
0.594 16.3326
0.594 9.76447
0.594 17.0896
0.594 13.4207
0.594 15.2872
0.594 15.393
0.594 10.0138
0.594 15.5038
0.594 9.76852
0.594 9.16389
0.594 10.3156
0.594 12.5709
0.594 15.3162
0.594 11.3253
0.594 11.5179
0.594 12.4763
0.594 13.2918
0.595 13.6329
0.595 14.2712
0.595 13.0504
0.595 13.8721
0.595 9.25755
0.595 9.77638
0.595 9.26075
0.595 11.1653
0.595 14.9879
0.595 11.3008
0.595 10.6525
0.595 12.3438
0.595 14.5981
0.595 6.63339
0.595 10.026
0.595 9.98144
0.595 12.082
0.595 6.85449
0.595 12.2532
0.595 12.4381
0.595 10.4615
0.595 9.45545
0.595 9.94804
0.595 8.50647
0.595 12.3393
0.595 7.61878
0.595 16.007
0.595 14.6992
0.595 14.5671
0.595 8.55113
0.595 10.2643
0.595 14.4638
0.595 11.844
0.595 12.1858
0.595 7.9646
0.595 15.2227
0.595 11.8279
0.595 8.0295
0.595 14.1812
0.595 8.25596
0.595 14.9432
0.595 7.53915
0.595 12.0662
0.595 8.41996
0.595 14.7458
0.595 9.33062
0.595 13.5083
0.595 8.50615
0.595 16.4625
0.595 7.5716
0.595 7.5456
0.595 8.1291
0.595 16.5076
0.595 15.4891
0.595 11.1015
0.595 12.8983
0.595 9.59507
0.595 14.4452
0.595 9.68544
0.595 7.1505
0.595 15.6158
0.595 11.8338
0.595 12.6064
0.595 9.41597
0.595 11.2503
0.595 8.7799
0.595 13.0269
0.595 11.2958
0.595 15.5562
0.595 10.5214
0.595 10.4732
0.595 9.90908
0.595 8.41145
0.595 14.9195
0.595 9.07727
0.595 7.72085
0.595 7.78682
0.595 12.7286
0.595 11.2959
0.595 10.3695
0.595 14.94
0.595 16.5241
0.595 10.2691
0.595 15.5354
0.595 11.6308
0.595 14.5107
0.595 9.51887
0.595 16.6146
0.595 11.0241
0.595 16.7068
0.595 14.1802
0.595 11.8287
0.595 15.7478
0.595 13.3815
0.595 13.4721
0.595 9.82099
0.595 14.7861
0.595 13.4384
0.595 7.9539
0.595 12.4315
0.596 6.4763
0.596 14.8697
0.596 9.37078
0.596 7.71965
0.596 7.40775
0.596 7.28259
0.596 7.52888
0.596 15.8433
0.596 12.4585
0.596 15.1888
0.596 12.122
0.596 6.51591
0.596 14.7866
0.596 8.69332
0.596 10.3831
0.596 12.3636
0.596 10.5388
0.596 15.3595
0.596 10.3852
0.596 8.41021
0.596 10.0653
0.596 12.5958
0.596 10.2127
0.596 7.40845
0.596 13.3985
0.596 7.11447
0.596 9.69844
0.596 10.4062
0.596 7.65719
0.596 16.4418
0.596 17.9209
0.596 15.2153
0.596 12.1342
0.596 6.98508
0.596 9.7761
0.596 9.74554
0.596 7.73415
0.596 12.6357
0.596 9.40885
0.596 12.2553
0.596 8.08807
0.596 12.9226
0.596 11.2614
0.596 13.3101
0.596 13.5384
0.596 12.573
0.596 9.85004
0.596 11.2072
0.596 11.1817
0.596 9.1755
0.596 10.3437
0.596 13.8076
0.596 9.2873
0.596 11.8701
0.596 14.9678
0.596 13.6973
0.596 12.1146
0.596 6.80018
0.596 7.85245
0.596 10.3971
0.596 10.7305
0.596 8.22117
0.596 11.1426
0.596 14.5783
0.596 6.9339
0.596 10.0495
0.596 14.9982
0.596 12.4469
0.596 8.6975
0.596 15.0572
0.596 14.1869
0.596 11.2508
0.596 15.2652
0.596 13.2643
0.596 11.1506
0.596 7.18354
0.596 9.29923
0.596 10.3492
0.596 10.3229
0.596 11.7298
0.596 9.19231
0.596 7.80245
0.596 10.7724
0.596 8.72649
0.596 12.3448
0.596 12.6962
0.596 10.8034
0.596 8.12664
0.596 15.0102
0.596 10.2898
0.596 7.81199
0.596 8.08127
0.596 9.87691
0.596 13.6765
0.596 11.5834
0.596 7.49598
0.596 8.09371
0.596 8.75322
0.596 8.198
0.596 11.4946
0.597 8.7446
0.597 11.6556
0.597 16.2512
0.597 13.0737
0.597 12.136
0.597 16.1187
0.597 15.0823
0.597 10.5113
0.597 7.89741
0.597 7.08683
0.597 14.4109
0.597 9.46532
0.597 10.8483
0.597 9.15363
0.597 14.7489
0.597 6.96332
0.597 10.8888
0.597 7.81749
0.597 9.50046
0.597 9.40096
0.597 13.9422
0.597 8.87883
0.597 11.1454
0.597 8.31181
0.597 7.41474
0.597 8.45493
0.597 8.84074
0.597 10.5812
0.597 7.30042
0.597 6.5332
0.597 14.3842
0.597 7.27648
0.597 13.1089
0.597 8.89976
0.597 12.7173
0.597 10.6236
0.597 7.92813
0.597 12.2651
0.597 12.4936
0.597 10.0812
0.597 13.3508
0.597 11.0368
0.597 6.41827
0.597 13.7399
0.597 8.59636
0.597 10.4742
0.597 6.32083
0.597 11.6099
0.597 10.7955
0.597 9.83012
0.597 16.0733
0.597 11.4442
0.597 10.9774
0.597 6.27109
0.597 14.3569
0.597 9.66511
0.597 14.3317
0.597 9.05324
0.597 12.6832
0.597 14.76
0.597 8.9867
0.597 9.28255
0.597 8.60279
0.597 8.06433
0.597 8.1976
0.597 7.2384
0.597 11.8405
0.597 10.0316
0.597 5.97293
0.597 8.02217
0.597 7.23094
0.597 6.75307
0.597 12.0036
0.597 13.3715
0.597 7.94738
0.597 8.87739
0.597 16.4558
0.597 10.7985
0.597 7.84598
0.597 15.1431
0.597 10.0334
0.597 13.9993
0.597 17.2655
0.597 10.7652
0.597 6.84338
0.597 8.99369
0.597 6.5606
0.597 10.5676
0.597 13.7937
0.597 12.594
0.597 6.99803
0.597 10.1745
0.597 7.67028
0.597 7.54784
0.597 6.579
0.597 9.40313
0.597 14.6592
0.597 14.7557
0.597 9.01198
0.597 14.837
0.598 5.87985
0.598 10.6077
0.598 9.05724
0.598 8.84699
0.598 8.63564
0.598 7.57287
0.598 7.65689
0.598 9.97688
0.598 8.40652
0.598 8.87525
0.598 8.74629
0.598 10.732
0.598 8.16234
0.598 13.806
0.598 12.0833
0.598 9.6178
0.598 8.94404
0.598 7.77277
0.598 8.9188
0.598 11.4976
0.598 16.4509
0.598 9.28638
0.598 7.53703
0.598 5.72183
0.598 13.5117
0.598 10.3305
0.598 16.2193
0.598 9.03933
0.598 10.7827
0.598 6.00529
0.598 10.4521
0.598 8.5142
0.598 7.19661
0.598 14.8458
0.598 8.30045
0.598 11.1284
0.598 8.23932
0.598 9.89651
0.598 14.3102
0.598 12.9599
0.598 5.71336
0.598 13.2513
0.598 11.5085
0.598 10.4058
0.598 8.33433
0.598 13.9078
0.598 8.70124
0.598 7.54544
0.598 8.74231
0.598 10.936
0.598 10.0472
0.598 15.5107
0.598 8.5139
0.598 11.6321
0.598 6.90718
0.598 11.2538
0.598 6.42329
0.598 13.4797
0.598 11.0524
0.598 14.3091
0.598 11.668
0.598 10.8849
0.598 15.2845
0.598 10.0439
0.598 8.61758
0.598 9.36287
0.598 12.1828
0.598 7.72042
0.598 10.7773
0.598 7.9789
0.598 12.9756
0.598 7.17171
0.598 6.71187
0.598 8.10545
0.598 5.91574
0.598 6.47674
0.598 8.77059
0.598 13.1876
0.598 6.82153
0.598 8.30153
0.598 6.03033
0.598 12.8279
0.598 6.44164
0.598 6.20451
0.598 10.3788
0.598 6.52238
0.598 14.7634
0.598 11.962
0.598 9.74881
0.598 14.955
0.598 12.7598
0.598 8.79463
0.598 13.5692
0.598 9.06803
0.598 5.61077
0.598 7.86281
0.598 5.84054
0.598 10.7262
0.598 10.077
0.598 8.7362
0.599 10.8791
0.599 6.94725
0.599 8.92067
0.599 12.6769
0.599 6.47533
0.599 7.13974
0.599 7.08158
0.599 10.8977
0.599 13.424
0.599 7.6241
0.599 6.00229
0.599 10.3761
0.599 6.40342
0.599 7.80696
0.599 9.95486
0.599 5.67397
0.599 6.95029
0.599 8.47716
0.599 8.6455
0.599 9.25317
0.599 5.90254
0.599 10.0297
0.599 12.5982
0.599 10.1528
0.599 7.39275
0.599 9.1839
0.599 6.62468
0.599 13.0128
0.599 6.49771
0.599 6.65998
0.599 9.44982
0.599 9.33113
0.599 10.8743
0.599 8.56315
0.599 8.5067
0.599 7.1608
0.599 9.56093
0.599 12.0507
0.599 6.60831
0.599 10.2124
0.599 9.23437
0.599 7.89361
0.599 10.1442
0.599 6.29523
0.599 12.4963
0.599 8.3399
0.599 12.6079
0.599 7.92146
0.599 9.2969
0.599 7.26816
0.599 6.42315
0.599 16.9862
0.599 6.27719
0.599 12.0205
0.599 12.4716
0.599 8.60491
0.599 6.74428
0.599 6.11335
0.599 5.33635
0.599 6.84297
0.599 8.23021
0.599 8.99355
0.599 10.5708
0.599 6.48883
0.599 8.35926
0.599 16.4745
0.599 10.9311
0.599 15.4028
0.599 9.27467
0.599 9.53591
0.599 7.72748
0.599 6.97826
0.599 9.54181
0.599 6.16203
0.599 6.40779
0.599 7.29836
0.599 6.78506
0.599 8.60093
0.599 8.86427
0.599 14.5459
0.599 13.188
0.599 6.45213
0.599 7.85086
0.599 12.8048
0.599 7.69208
0.599 12.6517
0.599 11.9505
0.599 6.70075
0.599 6.2782
0.599 13.352
0.599 8.66469
0.599 7.76202
0.599 9.62896
0.599 6.27882
0.599 7.83021
0.599 6.09904
0.599 11.0218
0.599 6.91586
0.599 9.61546
0.599 7.11675