0.57 14.66 0 0.0202988
0.571 14.7702 0 0.0206919
0.572 14.8526 0 0.0252885
0.573 14.9467 0 0.025303
0.574 15.0984 0 0.0292027
0.575 15.1723 0 0.031119
0.576 15.3108 0 0.0308011
0.577 15.2704 0 0.0347421
0.578 15.3695 0 0.0381707
0.579 15.4289 0 0.0399385
0.58 15.4244 0 0.0505115
0.581 15.488 0 0.0448415
0.582 15.499 0 0.0569495
0.583 15.3118 0 0.0679851
0.584 15.2809 0 0.0703495
0.585 15.2076 0 0.0764316
0.586 15.1998 0 0.0837837
0.587 14.8263 0 0.0951298
0.588 14.4359 0 0.109642
0.589 14.4977 0 0.105852
0.59 13.8339 0 0.120583
0.591 13.5398 0 0.130293
0.592 13.3049 0 0.137727
0.593 12.2585 0 0.141993
0.594 12.1227 0 0.148974
0.595 11.8235 0 0.15399
0.596 11.2535 0 0.15437
0.597 10.249 0 0.1534
0.598 10.0345 0 0.157444
0.599 9.309 0 0.14914
0.6 8.57693 0 0.145314
0.601 8.11588 0 0.130824
0.602 7.63597 0 0.115291
0.603 7.31529 0 0.118186
0.604 6.92317 0 0.114052
0.605 6.4879 0 0.0905365
0.606 6.0484 0 0.0865063
0.607 5.74784 0 0.0617468
0.608 5.5795 0 0.0626568
0.609 5.27709 0 0.0487336
0.61 5.23909 0 0.0532786
0.611 5.00448 0 0.0590792
0.612 4.7286 0 0.0347532
0.613 4.70199 0 0.0353758
0.614 4.48969 0 0.0316451
0.615 4.38879 0 0.0302199
0.616 4.29583 0 0.0291297
0.617 4.18445 0 0.0260929
0.618 4.13664 0 0.0358733
0.619 3.99464 0 0.0226225
