0.3 2.33565 0 0.00234518
0.31 2.44138 0 0.00288901
0.32 2.54259 0 0.0037544
0.33 2.64743 0 0.00602446
0.34 2.77063 0 0.00401204
0.35 2.89555 0 0.00462536
0.36 3.05158 0 0.00531645
0.37 3.19156 0 0.00532639
0.38 3.378 0 0.00774479
0.39 3.54812 0 0.00412144
0.4 3.75009 0 0.00523685
0.41 3.97113 0 0.00656129
0.42 4.21264 0 0.0100814
0.43 4.48148 0 0.0077816
0.44 4.77468 0 0.0119757
0.45 5.09605 0 0.00708925
0.46 5.4952 0 0.0164565
0.47 5.89692 0 0.0161581
0.48 6.37257 0 0.0147277
0.49 6.93949 0 0.0245197
0.5 7.543 0 0.0324778
0.51 8.21141 0 0.0329726
0.52 9.01417 0 0.0354927
0.53 9.93284 0 0.0267349
0.54 10.9708 0 0.043687
0.55 12.2295 0 0.0662978
0.56 13.5939 0 0.0443403
0.57 15.1208 0 0.014507
0.571 15.3009 0 0.0143815
0.572 15.4439 0 0.0164468
0.573 15.5819 0 0.0156712
0.574 15.7555 0 0.0172974
0.575 15.8637 0 0.0202034
0.576 15.9523 0 0.0239076
0.577 16.102 0 0.0236753
0.578 16.1697 0 0.0270792
0.579 16.2173 0 0.0359094
0.58 16.342 0 0.0365499
0.581 16.2936 0 0.0428894
0.582 16.2962 0 0.0466304
0.583 16.4179 0 0.0521096
0.584 16.348 0 0.0575617
0.585 16.2529 0 0.0709262
0.586 16.0855 0 0.0841817
0.587 15.892 0 0.0899449
0.588 15.7443 0 0.0982666
0.589 15.4113 0 0.112679
0.59 14.6105 0 0.129333
0.591 14.3205 0 0.148925
0.592 13.725 0 0.146776
0.593 13.2216 0 0.161387
0.594 12.2025 0 0.164255
0.595 11.2831 0 0.174157
0.596 10.7824 0 0.166119
0.597 10.0161 0 0.165808
0.598 8.90567 0 0.138939
0.599 8.47645 0 0.141244
0.6 7.81298 0 0.128448
0.601 7.22892 0 0.106646
0.602 6.60006 0 0.0836527
0.603 6.42422 0 0.0734758
0.604 6.04211 0 0.06008
0.605 5.75819 0 0.0553784
0.606 5.4714 0 0.044151
0.607 5.34003 0 0.0412578
0.608 5.14793 0 0.0475681
0.609 4.91929 0 0.0334871
0.61 4.7692 0 0.0337095
0.611 4.60608 0 0.0274017
0.612 4.51008 0 0.0284034
0.613 4.35877 0 0.022799
0.614 4.25018 0 0.0207844
0.615 4.13746 0 0.0228002
0.616 4.02702 0 0.0172409
0.617 3.95987 0 0.0174945
0.618 3.84158 0 0.0149576
0.619 3.78444 0 0.0139137
