0.3 2.33632 0 0.0019239
0.31 2.43767 0 0.0030168
0.32 2.5403 0 0.00244356
0.33 2.65511 0 0.00308561
0.34 2.77695 0 0.00347394
0.35 2.90995 0 0.00240473
0.36 3.05166 0 0.00321428
0.37 3.2028 0 0.00297402
0.38 3.37995 0 0.00288951
0.39 3.55693 0 0.00357649
0.4 3.76258 0 0.00319671
0.41 3.97185 0 0.00522914
0.42 4.22356 0 0.00648385
0.43 4.50611 0 0.00592478
0.44 4.79801 0 0.00542517
0.45 5.13872 0 0.00827148
0.46 5.48641 0 0.00902743
0.47 5.91537 0 0.00909938
0.48 6.38696 0 0.0080298
0.49 6.95244 0 0.0115071
0.5 7.57915 0 0.0104565
0.51 8.26075 0 0.0152114
0.52 9.05787 0 0.0127163
0.53 10.0107 0 0.0219721
0.54 11.1053 0 0.0304103
0.55 12.4085 0 0.0216049
0.551 12.5212 0 0.0124837
0.552 12.6961 0 0.024196
0.553 12.779 0 0.0195562
0.554 12.9755 0 0.0205359
0.555 13.1555 0 0.0242531
0.556 13.2547 0 0.0175752
0.557 13.4153 0 0.0273994
0.558 13.5505 0 0.0198336
0.559 13.7202 0 0.0214298
0.56 13.8255 0 0.0237168
0.561 14.0597 0 0.0266775
0.562 14.193 0 0.0283633
0.563 14.3689 0 0.0324736
0.564 14.5163 0 0.0323058
0.565 14.6683 0 0.032024
0.566 14.8228 0 0.026439
0.567 14.9963 0 0.0310871
0.568 15.194 0 0.0393583
0.569 15.3167 0 0.0225786
0.57 15.5161 0 0.0322061
0.571 15.7249 0 0.0334164
0.572 15.9148 0 0.0339286
0.573 16.0696 0 0.0333552
0.574 16.2723 0 0.0312324
0.575 16.3681 0 0.040255
0.576 16.5732 0 0.0428877
0.577 16.7376 0 0.0356141
0.578 16.8341 0 0.0520243
0.579 17.1001 0 0.038016
0.58 17.2194 0 0.0454766
0.581 17.2577 0 0.0841498
0.582 17.4018 0 0.0789672
0.583 17.3827 0 0.112849
0.584 17.6683 0 0.101838
0.585 17.6051 0 0.132743
0.586 17.4475 0 0.149917
0.587 17.2196 0 0.25922
0.588 16.5811 0 0.272573
0.589 16.4273 0 0.348362
0.59 15.3739 0 0.565508
0.591 14.9965 0 0.596968
0.592 14.4021 0 0.611582
0.593 13.3884 0 0.511566
0.594 12.4012 0 0.644576
0.595 11.5749 0 0.612448
0.596 10.2476 0 0.516641
0.597 9.75428 0 0.6745
0.598 8.24801 0 0.409196
0.599 7.84973 0 0.461358
0.6 6.66075 0 0.207867
0.601 6.36773 0 0.153574
0.602 5.87002 0 0.197016
0.603 5.61036 0 0.152763
0.604 5.2993 0 0.0890752
0.605 5.09143 0 0.124532
0.606 5.14835 0 0.0706819
0.607 4.98927 0 0.045712
0.608 4.76701 0 0.0963095
