0.3 2.33549 0 0.00838082
0.31 2.41676 0 0.00782981
0.32 2.51349 0 0.0085942
0.33 2.63944 0 0.00425406
0.34 2.76888 0 0.00603524
0.35 2.88249 0 0.00990094
0.36 3.03537 0 0.0139831
0.37 3.17334 0 0.0118709
0.38 3.34179 0 0.00897789
0.39 3.51835 0 0.012197
0.4 3.737 0 0.0125313
0.41 3.95182 0 0.0149223
0.42 4.16744 0 0.0165175
0.43 4.47231 0 0.0265859
0.44 4.73288 0 0.0194692
0.45 5.09223 0 0.0167034
0.46 5.43271 0 0.0276668
0.47 5.80672 0 0.0348702
0.48 6.30887 0 0.0294249
0.49 6.87817 0 0.0577487
0.5 7.36764 0 0.0371757
0.51 8.01003 0 0.0401588
0.52 8.82752 0 0.0739175
0.53 9.7159 0 0.0508433
0.54 10.5719 0 0.0646864
0.55 11.8756 0 0.0790485
0.56 12.7783 0 0.130294
0.57 14.1383 0 0.0315542
0.571 14.24 0 0.0341136
0.572 14.2781 0 0.0388046
0.573 14.453 0 0.0376088
0.574 14.5311 0 0.0434672
0.575 14.5754 0 0.0459274
0.576 14.622 0 0.0562291
0.577 14.6196 0 0.0553905
0.578 14.6341 0 0.0585423
0.579 14.7156 0 0.0665323
0.58 14.6407 0 0.072695
0.581 14.6957 0 0.0757583
0.582 14.5018 0 0.0892665
0.583 14.5357 0 0.089644
0.584 14.5339 0 0.098261
0.585 14.3176 0 0.108744
0.586 14.1097 0 0.121511
0.587 14.0527 0 0.112741
0.588 13.6357 0 0.13584
0.589 13.2465 0 0.146682
0.59 13.2111 0 0.147946
0.591 12.7746 0 0.149223
0.592 12.7746 0 0.166581
0.593 12.1331 0 0.166469
0.594 11.935 0 0.174269
0.595 11.4086 0 0.178287
0.596 10.9718 0 0.180922
0.597 10.3479 0 0.175485
0.598 9.74138 0 0.173322
0.599 9.45346 0 0.173456
0.6 9.05545 0 0.176048
0.601 8.75472 0 0.168619
0.602 8.30469 0 0.160948
0.603 7.71084 0 0.149065
0.604 7.29897 0 0.146933
0.605 6.89017 0 0.137443
0.606 6.60305 0 0.116412
0.607 6.47991 0 0.12271
0.608 6.29842 0 0.120071
0.609 5.82158 0 0.0867942
0.61 5.69619 0 0.0867967
0.611 5.4969 0 0.0912387
0.612 5.06986 0 0.0721905
0.613 5.07671 0 0.0828575
0.614 4.90497 0 0.0609636
0.615 4.75736 0 0.0640984
0.616 4.60134 0 0.0544323
0.617 4.53977 0 0.0437452
0.618 4.30173 0 0.0436123
0.619 4.21135 0 0.0429818
