0.57 15.0763
0.57 15.345
0.57 15.3304
0.57 15.59
0.57 15.6428
0.57 15.569
0.57 15.3464
0.57 15.2451
0.57 15.6682
0.57 15.4911
0.57 15.6759
0.57 15.2389
0.57 15.2005
0.57 15.251
0.57 15.4787
0.57 15.2848
0.57 15.3308
0.57 15.3125
0.57 15.6287
0.57 15.1806
0.57 15.3395
0.57 15.8256
0.57 15.3622
0.57 15.4191
0.57 15.2622
0.57 15.4666
0.57 15.3324
0.57 15.0551
0.57 15.4371
0.57 14.8914
0.57 15.338
0.57 15.4131
0.57 15.5176
0.57 15.3713
0.57 15.2634
0.57 15.2328
0.57 15.2586
0.57 15.4967
0.57 15.3031
0.57 15.1119
0.57 15.6864
0.57 15.3496
0.57 15.1815
0.57 15.3195
0.57 15.3693
0.57 15.5901
0.57 15.9022
0.57 14.7839
0.57 15.3296
0.57 15.3382
0.57 15.2197
0.57 15.5534
0.57 15.3455
0.57 15.4063
0.57 15.3614
0.57 15.4102
0.57 15.8932
0.57 15.3944
0.57 15.0544
0.57 15.1915
0.57 15.5024
0.57 15.1284
0.57 15.563
0.57 15.5023
0.57 15.3776
0.57 15.1722
0.57 15.2971
0.57 15.2691
0.57 15.7914
0.57 15.5111
0.57 15.2907
0.57 15.6012
0.57 15.1042
0.57 15.1908
0.57 15.6002
0.57 15.089
0.57 15.5214
0.57 15.3715
0.57 15.4481
0.57 15.3407
0.57 15.4489
0.57 15.57
0.57 15.3903
0.57 15.5761
0.57 15.3123
0.57 15.3473
0.57 15.4119
0.57 15.4763
0.57 14.8355
0.57 15.6147
0.57 15.3498
0.57 14.9899
0.57 15.4351
0.57 15.3251
0.57 15.4754
0.57 15.2229
0.57 15.3433
0.57 15.4936
0.57 15.3143
0.57 15.0327
0.571 15.6555
0.571 15.3378
0.571 15.5806
0.571 15.4253
0.571 15.5008
0.571 15.5142
0.571 15.2543
0.571 15.5355
0.571 15.2117
0.571 15.5336
0.571 15.3693
0.571 15.5547
0.571 15.6546
0.571 15.4096
0.571 15.4801
0.571 15.5954
0.571 15.5371
0.571 15.3362
0.571 15.5032
0.571 15.6938
0.571 15.6647
0.571 15.6822
0.571 15.8213
0.571 15.5922
0.571 15.6172
0.571 15.5343
0.571 15.626
0.571 15.5238
0.571 15.1749
0.571 15.5738
0.571 15.4494
0.571 15.5201
0.571 15.4809
0.571 15.6501
0.571 15.3096
0.571 15.4917
0.571 15.4636
0.571 15.7001
0.571 15.5249
0.571 15.5812
0.571 15.4182
0.571 15.9749
0.571 15.7144
0.571 15.6433
0.571 15.6692
0.571 16.2708
0.571 15.643
0.571 15.682
0.571 15.6611
0.571 15.4683
0.571 15.5489
0.571 15.1825
0.571 15.6018
0.571 15.747
0.571 15.6441
0.571 15.6542
0.571 15.8615
0.571 15.7536
0.571 15.4963
0.571 14.8967
0.571 15.6765
0.571 15.5224
0.571 15.2992
0.571 15.401
0.571 15.5665
0.571 15.6301
0.571 15.6036
0.571 15.4062
0.571 15.4276
0.571 15.6654
0.571 15.4172
0.571 15.4014
0.571 15.5911
0.571 15.6444
0.571 15.4691
0.571 15.5566
0.571 15.4694
0.571 15.3619
0.571 15.5427
0.571 15.4375
0.571 15.6576
0.571 15.5376
0.571 15.7691
0.571 15.1906
0.571 15.367
0.571 15.313
0.571 15.5206
0.571 15.7047
0.571 15.4436
0.571 15.3098
0.571 15.1555
0.571 15.565
0.571 15.2262
0.571 15.5717
0.571 15.3479
0.571 15.8643
0.571 15.5221
0.571 15.6434
0.571 15.7514
0.571 15.4218
0.572 15.8865
0.572 15.6422
0.572 15.7516
0.572 15.7481
0.572 16.0085
0.572 15.8685
0.572 15.7698
0.572 15.5564
0.572 15.8385
0.572 15.3608
0.572 15.8943
0.572 15.9029
0.572 15.7959
0.572 15.642
0.572 15.7231
0.572 15.8839
0.572 15.6869
0.572 15.6129
0.572 15.6034
0.572 16.0542
0.572 15.5216
0.572 15.7279
0.572 15.7085
0.572 15.9309
0.572 15.8721
0.572 15.5671
0.572 15.6412
0.572 16.0038
0.572 15.8961
0.572 15.4368
0.572 16.0033
0.572 15.4525
0.572 15.4722
0.572 15.1611
0.572 15.7727
0.572 15.4585
0.572 15.3944
0.572 15.8035
0.572 15.7579
0.572 15.5429
0.572 15.916
0.572 15.9289
0.572 15.6445
0.572 15.3578
0.572 15.8137
0.572 15.5204
0.572 15.5251
0.572 15.6962
0.572 15.6755
0.572 15.869
0.572 15.4504
0.572 15.7418
0.572 15.5819
0.572 15.257
0.572 15.8737
0.572 15.7565
0.572 15.4698
0.572 15.8508
0.572 16.0027
0.572 15.7668
0.572 15.6236
0.572 15.8748
0.572 15.461
0.572 15.7357
0.572 15.9123
0.572 16.0131
0.572 15.8881
0.572 15.6903
0.572 15.7631
0.572 15.0856
0.572 15.8484
0.572 15.5748
0.572 15.9176
0.572 15.5694
0.572 15.3494
0.572 15.4977
0.572 15.4853
0.572 15.8069
0.572 15.7735
0.572 15.5816
0.572 16.1011
0.572 15.6305
0.572 15.5587
0.572 15.5311
0.572 15.9892
0.572 15.9842
0.572 15.9074
0.572 15.8298
0.572 15.7758
0.572 15.9223
0.572 15.7785
0.572 15.8334
0.572 15.8567
0.572 15.9553
0.572 15.6724
0.572 15.7984
0.572 15.1882
0.572 15.4947
0.572 15.7154
0.572 15.7797
0.573 15.977
0.573 15.9238
0.573 15.9551
0.573 15.7509
0.573 15.7145
0.573 15.6815
0.573 15.9079
0.573 15.7832
0.573 15.8055
0.573 15.9181
0.573 15.8613
0.573 15.548
0.573 15.6331
0.573 15.885
0.573 15.5756
0.573 15.9709
0.573 16.1705
0.573 16.033
0.573 16.0866
0.573 15.8503
0.573 15.2576
0.573 15.6156
0.573 15.9318
0.573 16.0816
0.573 15.7663
0.573 15.6833
0.573 15.7406
0.573 15.967
0.573 15.7154
0.573 15.9359
0.573 15.8761
0.573 15.6479
0.573 15.4599
0.573 15.2699
0.573 16.0941
0.573 16.1279
0.573 15.8383
0.573 15.9931
0.573 15.8187
0.573 15.6741
0.573 15.5604
0.573 15.8259
0.573 15.8719
0.573 15.6546
0.573 15.554
0.573 16.066
0.573 15.8272
0.573 15.7287
0.573 16.0286
0.573 16.0511
0.573 16.1006
0.573 15.7371
0.573 15.8709
0.573 16.1682
0.573 15.838
0.573 15.9046
0.573 15.8158
0.573 16.3636
0.573 15.8132
0.573 16.1532
0.573 16.2846
0.573 15.7929
0.573 15.6942
0.573 16.1129
0.573 15.6326
0.573 16.0853
0.573 15.8223
0.573 15.9411
0.573 15.724
0.573 15.8615
0.573 16.1372
0.573 15.5251
0.573 16.1339
0.573 16.1934
0.573 16.0585
0.573 15.8136
0.573 15.3712
0.573 15.945
0.573 16.1341
0.573 16.0518
0.573 15.989
0.573 16.2501
0.573 15.8605
0.573 15.581
0.573 15.4584
0.573 15.431
0.573 15.878
0.573 16.1541
0.573 15.917
0.573 16.12
0.573 16.2442
0.573 16.0717
0.573 15.7321
0.573 15.5383
0.573 15.6295
0.573 15.8719
0.573 15.7558
0.573 16.0234
0.573 15.9989
0.573 15.5703
0.574 16.1356
0.574 16.0889
0.574 16.0433
0.574 16.1034
0.574 15.8436
0.574 16.0724
0.574 15.9848
0.574 16.2804
0.574 16.0483
0.574 16.282
0.574 16.0138
0.574 15.4558
0.574 15.7677
0.574 16.1121
0.574 16.1428
0.574 16.2681
0.574 15.8106
0.574 15.5858
0.574 16.0948
0.574 16.1702
0.574 15.6922
0.574 15.8637
0.574 15.8175
0.574 16.2092
0.574 16.176
0.574 15.9071
0.574 16.0972
0.574 16.13
0.574 16.0342
0.574 16.1059
0.574 16.0443
0.574 16.4508
0.574 16.2486
0.574 16.1198
0.574 16.1925
0.574 16.2066
0.574 15.9972
0.574 15.6865
0.574 15.7705
0.574 15.82
0.574 15.9484
0.574 16.027
0.574 16.0087
0.574 15.7039
0.574 16.2935
0.574 16.1043
0.574 16.1203
0.574 16.1296
0.574 16.0458
0.574 16.0002
0.574 15.8909
0.574 16.0374
0.574 16.2437
0.574 15.951
0.574 16.208
0.574 16.1243
0.574 15.6427
0.574 15.9498
0.574 16.1012
0.574 16.1513
0.574 16.4049
0.574 15.5321
0.574 15.8503
0.574 16.2352
0.574 15.9552
0.574 16.2227
0.574 16.1761
0.574 16.416
0.574 16.1378
0.574 16.1837
0.574 16.1101
0.574 16.327
0.574 16.175
0.574 15.9718
0.574 15.9085
0.574 15.6039
0.574 15.6931
0.574 15.8537
0.574 16.1171
0.574 16.1954
0.574 16.0814
0.574 15.6769
0.574 15.9006
0.574 16.2163
0.574 15.8674
0.574 16.4375
0.574 15.7741
0.574 15.4462
0.574 16.0101
0.574 15.9953
0.574 15.9472
0.574 16.2562
0.574 16.2203
0.574 15.9161
0.574 16.3739
0.574 15.7266
0.574 16.1707
0.574 16.5688
0.574 16.2463
0.574 15.9125
0.575 16.1798
0.575 15.8876
0.575 15.7727
0.575 15.9756
0.575 16.2007
0.575 16.1477
0.575 16.0957
0.575 16.4733
0.575 16.2929
0.575 15.9014
0.575 16.0744
0.575 16.1165
0.575 16.3502
0.575 16.1097
0.575 16.007
0.575 16.4679
0.575 16.1151
0.575 16.1091
0.575 15.9722
0.575 16.3102
0.575 16.3769
0.575 15.8628
0.575 16.2424
0.575 16.4165
0.575 16.2978
0.575 16.3062
0.575 16.3167
0.575 16.1737
0.575 16.5664
0.575 16.2681
0.575 15.9669
0.575 16.3201
0.575 16.1438
0.575 16.2173
0.575 15.7848
0.575 16.106
0.575 16.2498
0.575 16.5448
0.575 16.276
0.575 16.298
0.575 15.9002
0.575 16.4318
0.575 16.1641
0.575 16.2327
0.575 16.3838
0.575 16.2244
0.575 16.0082
0.575 15.8888
0.575 16.1791
0.575 16.3417
0.575 16.0477
0.575 16.1693
0.575 16.2359
0.575 15.9616
0.575 16.1607
0.575 15.9164
0.575 16.2494
0.575 15.9632
0.575 15.9958
0.575 16.2932
0.575 16.3604
0.575 16.0819
0.575 16.3218
0.575 15.7279
0.575 16.2017
0.575 15.8936
0.575 16.0529
0.575 16.2858
0.575 15.8911
0.575 16.348
0.575 15.9913
0.575 15.9205
0.575 16.1788
0.575 16.3349
0.575 16.5725
0.575 16.375
0.575 15.6594
0.575 16.347
0.575 16.0706
0.575 16.2702
0.575 16.2948
0.575 16.4825
0.575 15.9906
0.575 15.9519
0.575 16.448
0.575 16.3988
0.575 15.9841
0.575 15.9901
0.575 16.2831
0.575 15.9262
0.575 15.9165
0.575 16.2624
0.575 15.7758
0.575 16.3521
0.575 16.5878
0.575 16.1356
0.575 16.1892
0.575 16.0137
0.575 16.5278
0.575 16.3921
0.576 16.3519
0.576 16.2687
0.576 16.6575
0.576 16.361
0.576 16.1866
0.576 16.8303
0.576 15.9157
0.576 15.2968
0.576 16.7645
0.576 15.4298
0.576 16.2384
0.576 16.516
0.576 16.3147
0.576 15.9151
0.576 16.2422
0.576 16.8021
0.576 16.2521
0.576 16.544
0.576 16.4225
0.576 16.7129
0.576 16.0167
0.576 16.6612
0.576 16.4921
0.576 15.9066
0.576 16.6153
0.576 16.521
0.576 16.778
0.576 16.5258
0.576 16.1174
0.576 16.1962
0.576 16.4546
0.576 16.0502
0.576 15.6686
0.576 16.3152
0.576 16.1264
0.576 16.2784
0.576 16.0601
0.576 16.4301
0.576 16.4119
0.576 16.4637
0.576 16.3711
0.576 16.6205
0.576 16.5844
0.576 16.1491
0.576 16.1744
0.576 16.2314
0.576 16.3018
0.576 16.0365
0.576 16.4655
0.576 16.5971
0.576 16.6875
0.576 16.5083
0.576 16.2807
0.576 16.2569
0.576 16.3784
0.576 16.3513
0.576 16.8975
0.576 16.6111
0.576 16.0495
0.576 16.1215
0.576 16.3763
0.576 16.4177
0.576 16.4442
0.576 16.3222
0.576 15.9516
0.576 16.1957
0.576 16.1677
0.576 16.1884
0.576 16.3344
0.576 16.5062
0.576 16.6134
0.576 16.227
0.576 16.5964
0.576 15.9587
0.576 16.189
0.576 16.078
0.576 15.9427
0.576 16.4991
0.576 16.1246
0.576 16.2407
0.576 16.1293
0.576 16.7289
0.576 15.438
0.576 15.8365
0.576 16.2784
0.576 16.4216
0.576 16.2316
0.576 16.3781
0.576 16.6341
0.576 16.3841
0.576 16.6087
0.576 15.8209
0.576 16.3855
0.576 15.9684
0.576 16.4459
0.576 16.807
0.576 16.1701
0.576 15.9907
0.576 16.094
0.576 15.9831
0.577 16.5337
0.577 16.5511
0.577 16.9871
0.577 16.6809
0.577 16.7662
0.577 16.4975
0.577 16.4947
0.577 16.4716
0.577 16.3791
0.577 16.8969
0.577 16.3193
0.577 16.5504
0.577 16.4832
0.577 15.9965
0.577 15.8773
0.577 16.5748
0.577 16.3403
0.577 16.2787
0.577 16.5114
0.577 16.6266
0.577 16.9693
0.577 16.3769
0.577 15.5353
0.577 16.2844
0.577 16.1776
0.577 16.0172
0.577 16.6047
0.577 16.4862
0.577 16.257
0.577 17.0341
0.577 16.3974
0.577 16.805
0.577 16.4568
0.577 16.7243
0.577 16.5838
0.577 16.6178
0.577 15.9254
0.577 16.6931
0.577 16.8012
0.577 15.671
0.577 16.4558
0.577 14.935
0.577 16.9259
0.577 16.6701
0.577 16.6505
0.577 14.4716
0.577 16.2578
0.577 16.3774
0.577 16.8676
0.577 16.3556
0.577 16.9286
0.577 16.6061
0.577 16.163
0.577 16.2044
0.577 15.7371
0.577 16.7477
0.577 16.4502
0.577 16.1345
0.577 16.3799
0.577 16.7029
0.577 16.7193
0.577 16.5712
0.577 16.7051
0.577 16.5034
0.577 16.3115
0.577 16.6862
0.577 15.6324
0.577 16.5441
0.577 16.444
0.577 16.6333
0.577 16.0259
0.577 16.4386
0.577 16.6876
0.577 16.7071
0.577 16.655
0.577 16.6289
0.577 16.3995
0.577 16.5249
0.577 16.485
0.577 16.426
0.577 16.4656
0.577 16.2832
0.577 15.9597
0.577 16.387
0.577 16.6274
0.577 16.6804
0.577 16.7093
0.577 16.8301
0.577 16.6823
0.577 16.5745
0.577 16.6338
0.577 16.336
0.577 16.4598
0.577 16.1057
0.577 16.9548
0.577 15.8562
0.577 16.5781
0.577 16.5732
0.577 16.5616
0.577 16.884
0.578 16.8612
0.578 16.3854
0.578 16.3807
0.578 17.2167
0.578 16.4108
0.578 16.4478
0.578 16.0401
0.578 16.4216
0.578 16.9025
0.578 16.7976
0.578 16.1684
0.578 16.9285
0.578 16.5413
0.578 16.3944
0.578 16.8015
0.578 16.8505
0.578 15.9792
0.578 16.6858
0.578 16.7991
0.578 16.3514
0.578 17.0049
0.578 16.623
0.578 16.9617
0.578 16.6786
0.578 16.7971
0.578 15.9522
0.578 16.7257
0.578 16.3509
0.578 16.4388
0.578 16.7825
0.578 16.9211
0.578 16.1035
0.578 16.4667
0.578 16.324
0.578 16.6422
0.578 16.7843
0.578 16.2989
0.578 16.8773
0.578 16.8773
0.578 16.6636
0.578 16.3387
0.578 16.0792
0.578 16.5406
0.578 16.3676
0.578 17.0811
0.578 16.3456
0.578 16.8625
0.578 16.5342
0.578 16.9002
0.578 17.1332
0.578 16.7446
0.578 15.9973
0.578 16.3987
0.578 16.273
0.578 16.4288
0.578 16.6141
0.578 16.2515
0.578 16.7461
0.578 16.5647
0.578 16.3721
0.578 16.5692
0.578 16.9654
0.578 16.1895
0.578 16.589
0.578 16.5742
0.578 16.2797
0.578 16.929
0.578 16.892
0.578 16.0835
0.578 16.8752
0.578 15.7758
0.578 16.8155
0.578 17.0448
0.578 16.7942
0.578 16.8166
0.578 16.4358
0.578 17.0412
0.578 16.0122
0.578 16.6819
0.578 15.5589
0.578 16.4918
0.578 16.5293
0.578 15.739
0.578 17.1876
0.578 16.5732
0.578 16.2423
0.578 16.6276
0.578 16.9299
0.578 17.0393
0.578 16.5759
0.578 16.8042
0.578 16.9067
0.578 16.6678
0.578 16.3401
0.578 16.4334
0.578 17.0862
0.578 16.9358
0.578 16.8001
0.578 16.6252
0.578 15.963
0.579 16.6713
0.579 16.7816
0.579 16.3548
0.579 17.1241
0.579 17.0632
0.579 16.8718
0.579 16.766
0.579 16.5484
0.579 17.0238
0.579 16.9886
0.579 16.2183
0.579 17.1448
0.579 17.0588
0.579 16.4317
0.579 17.0369
0.579 17.2046
0.579 16.1596
0.579 16.5656
0.579 16.4239
0.579 16.7671
0.579 17.0261
0.579 16.8763
0.579 16.2303
0.579 16.8209
0.579 16.8234
0.579 16.731
0.579 16.8423
0.579 16.9743
0.579 16.5636
0.579 16.8018
0.579 16.572
0.579 16.0217
0.579 16.7862
0.579 16.5957
0.579 16.4882
0.579 16.6288
0.579 16.6318
0.579 16.8518
0.579 16.3449
0.579 16.8653
0.579 16.5265
0.579 17.0954
0.579 17.1656
0.579 17.2639
0.579 16.629
0.579 16.7039
0.579 16.3151
0.579 16.5525
0.579 16.8371
0.579 15.9948
0.579 16.3639
0.579 16.7733
0.579 16.584
0.579 16.7108
0.579 16.5642
0.579 16.7503
0.579 16.8095
0.579 16.422
0.579 16.5434
0.579 17.1406
0.579 16.8601
0.579 16.9522
0.579 16.9201
0.579 15.9897
0.579 16.8746
0.579 16.9309
0.579 16.4533
0.579 16.6703
0.579 16.5254
0.579 16.8665
0.579 16.505
0.579 16.4572
0.579 16.9721
0.579 17.1037
0.579 16.4503
0.579 16.3858
0.579 16.5484
0.579 15.8683
0.579 16.9414
0.579 16.5808
0.579 16.383
0.579 16.7508
0.579 16.647
0.579 16.5997
0.579 16.9279
0.579 16.9995
0.579 16.5763
0.579 16.6619
0.579 16.8446
0.579 16.8074
0.579 16.0566
0.579 16.9143
0.579 16.8241
0.579 16.736
0.579 16.5404
0.579 17.0596
0.579 17.0684
0.579 16.6418
0.579 16.5926
0.579 16.2343
0.58 15.0998
0.58 15.4896
0.58 17.0608
0.58 16.3842
0.58 17.1764
0.58 15.7791
0.58 17.0305
0.58 16.9155
0.58 16.2554
0.58 16.8786
0.58 17.4129
0.58 16.4889
0.58 17.1896
0.58 16.8673
0.58 17.1667
0.58 16.6536
0.58 16.5496
0.58 17.0512
0.58 16.3218
0.58 16.9311
0.58 16.543
0.58 16.675
0.58 16.7092
0.58 16.7526
0.58 16.7743
0.58 15.675
0.58 17.1229
0.58 16.0146
0.58 16.7144
0.58 16.9176
0.58 16.4776
0.58 16.8176
0.58 16.9392
0.58 16.3696
0.58 17.1429
0.58 16.4016
0.58 17.1189
0.58 17.3168
0.58 16.7728
0.58 16.6506
0.58 17.1841
0.58 16.7037
0.58 17.2208
0.58 16.7951
0.58 16.801
0.58 16.9104
0.58 17.3804
0.58 17.3217
0.58 15.9084
0.58 17.4534
0.58 16.8264
0.58 17.7134
0.58 17.1764
0.58 16.8316
0.58 17.4507
0.58 17.258
0.58 16.8475
0.58 16.7524
0.58 16.6417
0.58 17.2996
0.58 16.8985
0.58 17.1298
0.58 17.3912
0.58 17.5616
0.58 16.4048
0.58 17.1053
0.58 16.8202
0.58 17.1077
0.58 17.1014
0.58 16.6544
0.58 16.5319
0.58 16.9772
0.58 17.1721
0.58 17.21
0.58 16.8845
0.58 17.2431
0.58 17.0406
0.58 16.5581
0.58 16.6836
0.58 16.5445
0.58 17.1217
0.58 16.4662
0.58 16.9079
0.58 16.9775
0.58 16.4994
0.58 16.4171
0.58 16.8902
0.58 17.0812
0.58 16.2277
0.58 16.2136
0.58 16.8574
0.58 16.7596
0.58 17.2464
0.58 17.2082
0.58 16.906
0.58 16.5847
0.58 16.8368
0.58 16.6936
0.58 17.2277
0.58 16.6309
0.581 16.5962
0.581 17.0977
0.581 17.7285
0.581 16.8852
0.581 16.769
0.581 17.5634
0.581 17.0824
0.581 15.9153
0.581 16.6864
0.581 16.9107
0.581 16.8368
0.581 16.9035
0.581 16.8321
0.581 17.1766
0.581 17.3717
0.581 17.0804
0.581 17.2819
0.581 16.9611
0.581 16.52
0.581 16.6431
0.581 16.8347
0.581 16.865
0.581 16.999
0.581 17.0465
0.581 16.6025
0.581 16.8918
0.581 15.6072
0.581 16.4889
0.581 17.1101
0.581 17.076
0.581 16.4431
0.581 17.4866
0.581 16.0951
0.581 15.8329
0.581 16.9676
0.581 17.5049
0.581 16.929
0.581 17.2771
0.581 17.1934
0.581 16.198
0.581 16.9146
0.581 17.339
0.581 16.9638
0.581 17.0917
0.581 16.736
0.581 17.2243
0.581 16.5328
0.581 15.9138
0.581 17.1965
0.581 16.954
0.581 17.3988
0.581 16.8673
0.581 17.2021
0.581 16.6909
0.581 17.048
0.581 17.2091
0.581 15.3609
0.581 16.5013
0.581 16.8412
0.581 16.9503
0.581 17.3671
0.581 16.8351
0.581 17.1995
0.581 17.3835
0.581 16.8388
0.581 16.4778
0.581 17.3994
0.581 17.4781
0.581 16.8107
0.581 17.5275
0.581 17.0193
0.581 17.5175
0.581 17.1092
0.581 16.7706
0.581 16.5401
0.581 16.7312
0.581 17.4594
0.581 17.0516
0.581 17.4945
0.581 17.3263
0.581 15.0853
0.581 17.0438
0.581 16.9665
0.581 17.002
0.581 17.3473
0.581 17.4427
0.581 17.186
0.581 17.0201
0.581 17.178
0.581 16.9817
0.581 16.8822
0.581 17.5801
0.581 15.8583
0.581 16.277
0.581 17.4675
0.581 14.7575
0.581 16.384
0.581 17.4234
0.581 16.5025
0.581 16.3672
0.582 17.2486
0.582 17.4116
0.582 16.1769
0.582 17.3885
0.582 16.7633
0.582 17.6194
0.582 17.2095
0.582 16.8749
0.582 17.4692
0.582 17.5547
0.582 16.8583
0.582 16.6169
0.582 17.2805
0.582 17.2545
0.582 15.3701
0.582 17.7628
0.582 17.2468
0.582 16.7498
0.582 17.4539
0.582 17.4847
0.582 16.9791
0.582 17.2899
0.582 17.0128
0.582 17.0831
0.582 16.751
0.582 16.1891
0.582 17.1929
0.582 17.0749
0.582 16.9865
0.582 17.6015
0.582 17.5348
0.582 16.6953
0.582 16.9979
0.582 17.1031
0.582 17.6412
0.582 17.3913
0.582 17.4795
0.582 17.2835
0.582 16.5245
0.582 16.8216
0.582 17.7603
0.582 16.8931
0.582 17.0229
0.582 17.3338
0.582 17.2483
0.582 17.4308
0.582 17.1616
0.582 17.2433
0.582 15.6089
0.582 16.5387
0.582 17.1211
0.582 17.5609
0.582 17.4286
0.582 17.3417
0.582 16.1404
0.582 17.6239
0.582 16.8211
0.582 17.1914
0.582 16.3521
0.582 17.3024
0.582 17.312
0.582 17.639
0.582 17.2675
0.582 17.4396
0.582 17.1593
0.582 16.7508
0.582 17.6292
0.582 17.0533
0.582 16.8338
0.582 16.9036
0.582 17.0618
0.582 17.4746
0.582 17.2223
0.582 17.4064
0.582 17.0628
0.582 16.292
0.582 16.4247
0.582 17.5262
0.582 17.0858
0.582 16.8695
0.582 17.3147
0.582 17.4191
0.582 16.746
0.582 17.4722
0.582 17.3131
0.582 17.4637
0.582 16.5293
0.582 16.4843
0.582 17.4565
0.582 16.9084
0.582 16.6175
0.582 16.5923
0.582 17.3174
0.582 17.3039
0.582 16.9421
0.582 16.8739
0.582 17.2372
0.582 16.8601
0.582 17.5446
0.582 17.0833
0.583 17.6749
0.583 15.1195
0.583 17.5501
0.583 15.2957
0.583 17.4782
0.583 17.4914
0.583 17.9723
0.583 17.8613
0.583 17.9392
0.583 16.8546
0.583 16.8607
0.583 16.7965
0.583 17.3992
0.583 17.5045
0.583 16.9325
0.583 17.0312
0.583 15.1869
0.583 17.4449
0.583 17.5917
0.583 16.6144
0.583 16.0789
0.583 15.8433
0.583 17.6437
0.583 17.0098
0.583 16.6938
0.583 16.8071
0.583 17.1994
0.583 16.9219
0.583 17.4113
0.583 16.8601
0.583 17.8459
0.583 16.73
0.583 17.0686
0.583 16.8274
0.583 17.1029
0.583 16.9866
0.583 16.8335
0.583 16.895
0.583 17.3216
0.583 16.618
0.583 17.5057
0.583 16.0709
0.583 17.1892
0.583 17.2722
0.583 17.0764
0.583 17.2752
0.583 16.6032
0.583 17.8069
0.583 17.1307
0.583 16.8177
0.583 16.8357
0.583 17.4143
0.583 16.4956
0.583 15.3377
0.583 17.3789
0.583 16.0834
0.583 16.1733
0.583 17.903
0.583 17.5801
0.583 16.9543
0.583 17.476
0.583 16.9944
0.583 17.6338
0.583 17.6515
0.583 16.7892
0.583 17.6908
0.583 16.4919
0.583 17.0107
0.583 16.629
0.583 17.034
0.583 17.0699
0.583 16.526
0.583 16.7866
0.583 17.5102
0.583 17.1848
0.583 15.8555
0.583 16.2217
0.583 17.9035
0.583 16.5372
0.583 17.8854
0.583 17.5991
0.583 17.2286
0.583 17.3947
0.583 17.3579
0.583 17.3819
0.583 17.3755
0.583 16.5861
0.583 17.166
0.583 17.4797
0.583 15.5628
0.583 16.9143
0.583 17.0032
0.583 16.8815
0.583 17.4337
0.583 17.5456
0.583 16.9399
0.583 17.1466
0.583 17.3014
0.583 17.3407
0.583 16.9145
0.584 17.8949
0.584 17.3592
0.584 16.7162
0.584 15.5413
0.584 17.5068
0.584 16.7292
0.584 16.8049
0.584 16.8208
0.584 16.4516
0.584 17.4441
0.584 15.8334
0.584 16.767
0.584 17.0017
0.584 16.4424
0.584 15.8473
0.584 16.7087
0.584 17.5135
0.584 15.342
0.584 17.5416
0.584 17.65
0.584 17.7275
0.584 17.2543
0.584 16.8138
0.584 17.8662
0.584 17.4797
0.584 17.1699
0.584 16.7607
0.584 17.6445
0.584 15.4742
0.584 17.189
0.584 16.5024
0.584 17.5444
0.584 17.7339
0.584 17.3647
0.584 17.7037
0.584 15.7205
0.584 17.7744
0.584 16.076
0.584 16.3975
0.584 15.8223
0.584 17.5364
0.584 16.8917
0.584 16.5897
0.584 16.2254
0.584 16.5608
0.584 17.3244
0.584 16.1031
0.584 16.9461
0.584 17.6361
0.584 16.7876
0.584 17.3402
0.584 17.2132
0.584 17.501
0.584 16.0001
0.584 17.5511
0.584 17.8589
0.584 17.7428
0.584 17.9395
0.584 17.6486
0.584 17.8824
0.584 16.6468
0.584 15.791
0.584 17.1545
0.584 17.9185
0.584 16.4091
0.584 17.4764
0.584 16.3118
0.584 17.4749
0.584 16.7248
0.584 17.328
0.584 16.7138
0.584 17.3384
0.584 17.3525
0.584 16.2621
0.584 17.5973
0.584 18.1881
0.584 17.3497
0.584 17.4813
0.584 17.5973
0.584 18.2407
0.584 17.0812
0.584 16.9718
0.584 16.7427
0.584 16.73
0.584 17.2584
0.584 17.2859
0.584 17.5256
0.584 16.2082
0.584 16.9355
0.584 15.3052
0.584 17.5464
0.584 17.2182
0.584 16.6519
0.584 16.7527
0.584 16.366
0.584 15.6838
0.584 16.5146
0.584 17.6075
0.584 17.4434
0.584 18.1155
0.585 17.1303
0.585 17.7667
0.585 16.8266
0.585 17.8402
0.585 16.5109
0.585 16.2245
0.585 16.9068
0.585 17.1678
0.585 18.3859
0.585 17.4686
0.585 17.2163
0.585 17.9886
0.585 17.7923
0.585 17.0506
0.585 17.8493
0.585 15.9636
0.585 17.8428
0.585 17.071
0.585 17.9345
0.585 12.2324
0.585 16.6073
0.585 17.3487
0.585 17.5157
0.585 17.6091
0.585 18.1374
0.585 15.6686
0.585 17.6969
0.585 16.1138
0.585 15.5348
0.585 17.4233
0.585 16.768
0.585 16.9212
0.585 16.591
0.585 16.8595
0.585 16.3038
0.585 15.7178
0.585 17.4667
0.585 16.2349
0.585 14.7865
0.585 15.9821
0.585 17.6476
0.585 17.7557
0.585 16.7247
0.585 17.5144
0.585 17.1999
0.585 17.7399
0.585 17.1142
0.585 17.5826
0.585 15.7998
0.585 18.0894
0.585 16.8096
0.585 17.9919
0.585 17.3018
0.585 17.5532
0.585 17.2382
0.585 15.9636
0.585 15.6303
0.585 15.9987
0.585 17.454
0.585 15.3412
0.585 14.6783
0.585 16.7407
0.585 15.9086
0.585 17.8393
0.585 15.449
0.585 18.0449
0.585 16.6961
0.585 16.6776
0.585 17.0483
0.585 14.9945
0.585 17.5471
0.585 17.3895
0.585 17.8197
0.585 17.2466
0.585 18.1792
0.585 15.5331
0.585 16.4959
0.585 16.1039
0.585 17.0439
0.585 17.7925
0.585 17.3504
0.585 18.017
0.585 17.0702
0.585 16.3946
0.585 13.4696
0.585 18.1783
0.585 17.1391
0.585 17.4876
0.585 17.763
0.585 17.2576
0.585 15.3316
0.585 17.1819
0.585 17.2241
0.585 17.7223
0.585 17.7573
0.585 16.6789
0.585 17.6319
0.585 17.6446
0.585 17.9212
0.585 14.7511
0.586 17.7429
0.586 16.1282
0.586 14.7111
0.586 15.5711
0.586 17.9225
0.586 17.046
0.586 17.4712
0.586 17.0089
0.586 15.6675
0.586 17.537
0.586 15.1507
0.586 15.9101
0.586 18.2458
0.586 15.6752
0.586 17.8534
0.586 15.499
0.586 16.166
0.586 17.6513
0.586 16.8229
0.586 16.9057
0.586 17.2164
0.586 18.6377
0.586 16.1497
0.586 17.7025
0.586 16.1788
0.586 17.652
0.586 17.8396
0.586 17.2064
0.586 17.6395
0.586 17.452
0.586 16.6183
0.586 17.8334
0.586 17.6593
0.586 16.2059
0.586 15.6475
0.586 17.321
0.586 18.227
0.586 17.3482
0.586 16.1256
0.586 15.6226
0.586 15.3372
0.586 17.4651
0.586 17.7535
0.586 17.6793
0.586 18.0463
0.586 16.6285
0.586 17.0617
0.586 18.1562
0.586 16.6753
0.586 16.9634
0.586 17.2759
0.586 17.1985
0.586 18.4342
0.586 18.3326
0.586 17.952
0.586 14.5323
0.586 17.5109
0.586 17.3822
0.586 14.1391
0.586 15.2529
0.586 16.9725
0.586 17.7067
0.586 16.4919
0.586 16.4673
0.586 17.8283
0.586 17.7951
0.586 17.7492
0.586 16.8452
0.586 15.6718
0.586 16.9309
0.586 17.0974
0.586 17.1289
0.586 17.4608
0.586 14.5067
0.586 17.0544
0.586 17.4422
0.586 15.805
0.586 17.8535
0.586 17.6144
0.586 15.6306
0.586 17.9307
0.586 17.5601
0.586 17.6179
0.586 16.8695
0.586 17.6906
0.586 17.4374
0.586 17.1382
0.586 16.8474
0.586 18.0022
0.586 18.0267
0.586 16.6549
0.586 17.5339
0.586 16.964
0.586 18.0666
0.586 17.3352
0.586 15.666
0.586 17.5811
0.586 15.2256
0.586 16.8265
0.586 17.9042
0.587 16.8436
0.587 15.877
0.587 14.6684
0.587 16.5289
0.587 17.2709
0.587 17.5418
0.587 16.816
0.587 17.8168
0.587 18.1414
0.587 17.3655
0.587 16.5503
0.587 17.5165
0.587 17.6031
0.587 17.4087
0.587 16.6389
0.587 16.2361
0.587 16.7777
0.587 17.4269
0.587 15.4148
0.587 16.3567
0.587 15.4933
0.587 17.7036
0.587 16.8697
0.587 16.838
0.587 13.48
0.587 17.2864
0.587 15.0116
0.587 14.4664
0.587 16.9491
0.587 16.7944
0.587 16.3432
0.587 17.2011
0.587 16.5087
0.587 18.5169
0.587 17.8988
0.587 14.1419
0.587 16.9115
0.587 15.8161
0.587 15.419
0.587 15.824
0.587 15.0407
0.587 14.0449
0.587 15.6317
0.587 15.0674
0.587 14.4656
0.587 15.4723
0.587 16.4386
0.587 16.7254
0.587 16.7858
0.587 18.4693
0.587 17.2361
0.587 17.0851
0.587 15.8323
0.587 17.5166
0.587 15.7046
0.587 17.3427
0.587 16.3842
0.587 15.8437
0.587 18.7017
0.587 16.3057
0.587 17.9275
0.587 15.5753
0.587 16.5277
0.587 16.3444
0.587 14.4685
0.587 15.8675
0.587 16.3879
0.587 16.8251
0.587 18.1094
0.587 17.6348
0.587 17.1791
0.587 16.8304
0.587 16.3884
0.587 17.3946
0.587 15.5928
0.587 18.3396
0.587 17.624
0.587 15.0243
0.587 17.0613
0.587 13.9123
0.587 17.401
0.587 17.1595
0.587 17.7094
0.587 16.799
0.587 17.3228
0.587 17.3268
0.587 17.9617
0.587 17.9848
0.587 14.2735
0.587 17.2969
0.587 18.0111
0.587 17.5957
0.587 17.6141
0.587 17.1745
0.587 15.6939
0.587 17.6193
0.587 16.7253
0.587 16.456
0.587 16.0592
0.587 16.5642
0.588 17.6935
0.588 15.5997
0.588 16.8998
0.588 17.1227
0.588 14.3643
0.588 15.2749
0.588 18.1741
0.588 17.2021
0.588 14.6251
0.588 17.0895
0.588 12.8756
0.588 17.5573
0.588 16.9732
0.588 15.5634
0.588 18.3371
0.588 16.7701
0.588 18.3026
0.588 17.646
0.588 17.3989
0.588 15.129
0.588 15.9401
0.588 16.5959
0.588 14.4969
0.588 16.1974
0.588 14.628
0.588 14.1153
0.588 17.3458
0.588 13.9512
0.588 16.3864
0.588 13.4165
0.588 14.9729
0.588 13.7359
0.588 14.4251
0.588 17.5102
0.588 17.6819
0.588 16.9245
0.588 16.0767
0.588 17.9916
0.588 16.3251
0.588 16.1774
0.588 16.7063
0.588 16.0449
0.588 15.1461
0.588 18.0249
0.588 17.1466
0.588 16.2743
0.588 15.7926
0.588 17.787
0.588 15.5763
0.588 16.8676
0.588 17.2374
0.588 18.6564
0.588 16.8153
0.588 10.3348
0.588 14.9285
0.588 15.8254
0.588 15.825
0.588 16.9136
0.588 16.8424
0.588 16.8808
0.588 14.7629
0.588 16.7467
0.588 17.4997
0.588 16.8884
0.588 17.5518
0.588 14.813
0.588 17.7652
0.588 14.8047
0.588 18.4138
0.588 18.0862
0.588 17.8401
0.588 14.7212
0.588 16.7387
0.588 16.6695
0.588 16.4058
0.588 17.4035
0.588 16.2948
0.588 15.8696
0.588 18.0123
0.588 17.9635
0.588 16.4016
0.588 14.3587
0.588 17.8749
0.588 16.6588
0.588 18.5635
0.588 13.3959
0.588 18.0057
0.588 17.7877
0.588 15.7985
0.588 16.0262
0.588 15.1365
0.588 16.8257
0.588 17.5368
0.588 17.2288
0.588 13.823
0.588 16.9487
0.588 18.2228
0.588 18.0603
0.588 17.0421
0.588 15.2105
0.589 17.5776
0.589 18.2021
0.589 10.5868
0.589 15.9709
0.589 16.6969
0.589 16.6133
0.589 18.5286
0.589 15.5743
0.589 17.2972
0.589 15.8749
0.589 16.8478
0.589 17.897
0.589 15.5333
0.589 15.4812
0.589 14.7257
0.589 15.8778
0.589 15.1577
0.589 16.3166
0.589 17.8452
0.589 17.0733
0.589 14.7196
0.589 15.9573
0.589 17.0959
0.589 17.6183
0.589 18.631
0.589 15.9566
0.589 16.92
0.589 13.2936
0.589 15.1035
0.589 16.4514
0.589 17.105
0.589 13.3307
0.589 16.4919
0.589 13.476
0.589 16.5344
0.589 17.3678
0.589 16.4923
0.589 17.3959
0.589 14.0082
0.589 16.6418
0.589 14.5876
0.589 18.1796
0.589 17.1151
0.589 18.6856
0.589 17.5031
0.589 15.3909
0.589 18.5585
0.589 15.3988
0.589 18.372
0.589 16.2749
0.589 16.9011
0.589 18.1566
0.589 12.5933
0.589 17.1805
0.589 17.018
0.589 14.2663
0.589 15.172
0.589 16.8683
0.589 17.2624
0.589 17.8377
0.589 10.7299
0.589 17.7061
0.589 16.6241
0.589 13.0339
0.589 15.5725
0.589 13.2833
0.589 15.8563
0.589 14.8027
0.589 14.8036
0.589 16.5963
0.589 18.2901
0.589 14.6773
0.589 16.8001
0.589 16.5816
0.589 16.911
0.589 12.4603
0.589 13.5588
0.589 17.3536
0.589 16.5291
0.589 17.0922
0.589 17.4925
0.589 16.4961
0.589 16.7759
0.589 15.8025
0.589 17.1182
0.589 16.5822
0.589 17.3058
0.589 16.6363
0.589 15.2888
0.589 15.4582
0.589 18.4579
0.589 16.5763
0.589 14.8904
0.589 17.4335
0.589 16.7583
0.589 15.2089
0.589 12.8969
0.589 16.7203
0.589 17.4823
0.589 16.1335
0.59 16.2374
0.59 18.4525
0.59 17.344
0.59 16.6283
0.59 15.9347
0.59 13.9777
0.59 11.8137
0.59 17.5834
0.59 17.1635
0.59 16.5229
0.59 12.514
0.59 13.6025
0.59 16.1782
0.59 17.0125
0.59 15.2967
0.59 14.2616
0.59 16.6186
0.59 15.6842
0.59 11.1151
0.59 15.8971
0.59 17.0602
0.59 16.0723
0.59 13.4346
0.59 12.0776
0.59 15.8155
0.59 14.6853
0.59 14.6672
0.59 16.9275
0.59 18.2399
0.59 15.6111
0.59 18.0336
0.59 17.2168
0.59 16.4429
0.59 15.1979
0.59 15.9415
0.59 16.0979
0.59 17.6572
0.59 14.7
0.59 13.2966
0.59 15.2328
0.59 15.648
0.59 17.3067
0.59 11.706
0.59 13.1444
0.59 11.4411
0.59 16.4387
0.59 17.1606
0.59 14.4495
0.59 15.37
0.59 11.9482
0.59 15.0811
0.59 17.2747
0.59 16.5318
0.59 17.4011
0.59 15.5557
0.59 17.5541
0.59 16.8877
0.59 15.5024
0.59 17.4083
0.59 13.5957
0.59 14.4801
0.59 18.0374
0.59 17.832
0.59 15.1682
0.59 17.8629
0.59 14.6556
0.59 14.9339
0.59 16.1046
0.59 17.173
0.59 17.9918
0.59 14.4562
0.59 15.8493
0.59 16.2951
0.59 18.3854
0.59 15.1412
0.59 10.0299
0.59 16.0843
0.59 15.5086
0.59 16.9256
0.59 18.3259
0.59 17.0826
0.59 15.2658
0.59 16.5277
0.59 17.1893
0.59 15.3287
0.59 17.4227
0.59 15.6489
0.59 15.2409
0.59 17.5729
0.59 15.0403
0.59 14.7968
0.59 17.0447
0.59 15.6946
0.59 15.7569
0.59 13.7049
0.59 17.5452
0.59 13.6951
0.59 13.7736
0.59 12.9179
0.59 11.5053
0.591 15.7416
0.591 17.385
0.591 13.983
0.591 17.2781
0.591 9.10293
0.591 13.7771
0.591 12.6446
0.591 9.45821
0.591 18.0105
0.591 16.5332
0.591 18.0963
0.591 11.9029
0.591 17.1843
0.591 14.7234
0.591 15.413
0.591 10.4294
0.591 10.1625
0.591 12.5954
0.591 13.1015
0.591 13.1168
0.591 17.2521
0.591 15.9419
0.591 14.0876
0.591 15.1158
0.591 15.6079
0.591 16.0185
0.591 15.0883
0.591 15.7626
0.591 9.58917
0.591 11.6403
0.591 15.6513
0.591 16.4672
0.591 16.563
0.591 11.5845
0.591 11.816
0.591 10.9436
0.591 17.5225
0.591 16.4016
0.591 13.4483
0.591 8.8197
0.591 17.361
0.591 15.9374
0.591 15.3085
0.591 12.9927
0.591 11.4819
0.591 16.9413
0.591 13.8317
0.591 17.1491
0.591 10.6866
0.591 16.7412
0.591 16.179
0.591 16.0203
0.591 15.2352
0.591 11.2269
0.591 18.7978
0.591 17.0431
0.591 15.3909
0.591 13.2501
0.591 13.2658
0.591 15.4987
0.591 17.2449
0.591 14.9705
0.591 17.307
0.591 15.433
0.591 18.4716
0.591 15.2748
0.591 15.098
0.591 14.5523
0.591 16.0622
0.591 16.7375
0.591 14.5491
0.591 15.0151
0.591 15.532
0.591 11.8386
0.591 14.927
0.591 16.9907
0.591 14.6824
0.591 10.1803
0.591 15.2658
0.591 9.48807
0.591 10.2949
0.591 11.9135
0.591 14.3427
0.591 13.1646
0.591 10.9815
0.591 13.2258
0.591 18.2384
0.591 16.8841
0.591 11.8301
0.591 17.9384
0.591 17.0598
0.591 11.0317
0.591 15.3977
0.591 14.0276
0.591 12.1771
0.591 17.6562
0.591 16.8108
0.591 16.3541
0.591 10.3178
0.591 19.0071
0.592 18.6496
0.592 10.1177
0.592 13.1762
0.592 16.9517
0.592 8.48573
0.592 15.4119
0.592 14.5475
0.592 13.2949
0.592 13.1672
0.592 11.9388
0.592 13.071
0.592 13.7039
0.592 10.7161
0.592 8.96023
0.592 14.5281
0.592 18.1
0.592 9.71849
0.592 11.3708
0.592 15.9391
0.592 15.6959
0.592 11.1902
0.592 15.4841
0.592 11.8914
0.592 16.034
0.592 10.838
0.592 16.3149
0.592 12.0305
0.592 12.5977
0.592 13.9759
0.592 14.5015
0.592 11.2672
0.592 8.84123
0.592 15.3862
0.592 14.942
0.592 17.6799
0.592 16.427
0.592 13.5594
0.592 17.7565
0.592 15.0438
0.592 10.942
0.592 9.63245
0.592 12.8287
0.592 12.602
0.592 10.2697
0.592 15.0764
0.592 16.8211
0.592 9.49343
0.592 9.6637
0.592 13.5098
0.592 12.4639
0.592 15.2259
0.592 15.9382
0.592 18.3187
0.592 11.4074
0.592 18.2978
0.592 13.999
0.592 9.55194
0.592 10.4599
0.592 9.23435
0.592 16.6351
0.592 14.3525
0.592 9.80984
0.592 17.1861
0.592 16.8121
0.592 10.7446
0.592 13.672
0.592 17.8815
0.592 17.5018
0.592 12.5838
0.592 10.4834
0.592 13.5724
0.592 17.0392
0.592 13.9628
0.592 11.6721
0.592 16.5456
0.592 11.7832
0.592 13.4663
0.592 15.8243
0.592 13.3215
0.592 16.7624
0.592 12.9932
0.592 13.2122
0.592 11.6421
0.592 17.25
0.592 12.6387
0.592 15.7083
0.592 13.0171
0.592 13.9883
0.592 12.2936
0.592 17.9322
0.592 14.9767
0.592 11.8474
0.592 14.696
0.592 15.3814
0.592 13.1738
0.592 11.6085
0.592 11.4549
0.592 14.1194
0.592 15.0286
0.592 16.6867
0.593 16.5165
0.593 13.5501
0.593 11.675
0.593 16.0555
0.593 13.0877
0.593 10.3469
0.593 13.4033
0.593 10.3845
0.593 12.7115
0.593 10.6218
0.593 13.9932
0.593 15.3154
0.593 13.9441
0.593 15.5868
0.593 8.8962
0.593 12.2355
0.593 12.4553
0.593 17.1849
0.593 14.3231
0.593 17.7249
0.593 10.9162
0.593 17.9676
0.593 12.3461
0.593 10.1612
0.593 10.3377
0.593 15.5305
0.593 11.3401
0.593 17.0728
0.593 14.5103
0.593 13.1837
0.593 17.5403
0.593 14.134
0.593 15.408
0.593 18.1976
0.593 15.0542
0.593 9.46476
0.593 16.9292
0.593 11.3376
0.593 11.1184
0.593 9.77418
0.593 11.1246
0.593 16.697
0.593 15.0491
0.593 8.10522
0.593 15.1292
0.593 12.4608
0.593 16.0538
0.593 13.4207
0.593 15.5975
0.593 7.76561
0.593 9.39061
0.593 11.6848
0.593 16.5369
0.593 15.2429
0.593 11.6888
0.593 17.9037
0.593 16.0323
0.593 15.4324
0.593 15.2557
0.593 14.2182
0.593 16.2584
0.593 10.4921
0.593 14.1616
0.593 11.8187
0.593 15.3339
0.593 16.3415
0.593 9.10291
0.593 7.12789
0.593 11.853
0.593 13.8052
0.593 13.0725
0.593 10.0421
0.593 15.5799
0.593 15.0711
0.593 12.7987
0.593 13.4302
0.593 11.4371
0.593 17.3336
0.593 15.7196
0.593 11.0517
0.593 11.1822
0.593 12.4588
0.593 14.4565
0.593 8.93372
0.593 11.4218
0.593 9.8681
0.593 12.1636
0.593 13.4374
0.593 8.51103
0.593 10.9892
0.593 13.2275
0.593 14.2997
0.593 12.2834
0.593 10.1709
0.593 15.437
0.593 16.8136
0.593 10.8116
0.593 10.9668
0.593 16.4228
0.593 8.21189
0.594 14.3696
0.594 11.7769
0.594 16.6102
0.594 12.1837
0.594 11.5801
0.594 15.6307
0.594 14.3754
0.594 11.3579
0.594 14.5526
0.594 15.0782
0.594 9.86822
0.594 9.83507
0.594 15.7173
0.594 13.298
0.594 13.1647
0.594 12.0038
0.594 9.17103
0.594 11.6707
0.594 14.6829
0.594 12.8062
0.594 13.7269
0.594 9.2482
0.594 12.2885
0.594 12.1905
0.594 9.98946
0.594 10.0933
0.594 8.57333
0.594 9.25512
0.594 17.6129
0.594 16.0789
0.594 9.09216
0.594 9.45614
0.594 14.7777
0.594 9.0884
0.594 11.4128
0.594 11.087
0.594 11.7381
0.594 6.8522
0.594 16.2354
0.594 14.0151
0.594 8.55163
0.594 7.45675
0.594 17.5814
0.594 8.76899
0.594 9.76079
0.594 12.778
0.594 10.2973
0.594 10.1937
0.594 10.4266
0.594 16.1881
0.594 9.84044
0.594 9.88116
0.594 7.12707
0.594 14.0387
0.594 11.8898
0.594 14.2846
0.594 14.5106
0.594 9.87322
0.594 15.5614
0.594 9.80105
0.594 16.2609
0.594 7.86458
0.594 12.2862
0.594 10.0336
0.594 14.5959
0.594 12.9786
0.594 15.382
0.594 11.1484
0.594 16.641
0.594 15.3581
0.594 13.2712
0.594 14.1811
0.594 9.60806
0.594 11.8558
0.594 8.81987
0.594 12.7458
0.594 9.1502
0.594 12.236
0.594 8.66776
0.594 12.6325
0.594 15.3162
0.594 11.4926
0.594 11.0428
0.594 14.7056
0.594 7.96004
0.594 11.7304
0.594 18.0591
0.594 15.5767
0.594 12.0426
0.594 9.23611
0.594 7.86736
0.594 16.4507
0.594 14.2634
0.594 9.54279
0.594 9.02588
0.594 11.9134
0.594 10.9839
0.594 17.7162
0.594 14.1707
0.594 10.3078
0.595 7.34709
0.595 11.331
0.595 13.5218
0.595 8.46523
0.595 11.7354
0.595 7.6987
0.595 17.4753
0.595 15.6402
0.595 10.1635
0.595 8.13932
0.595 14.1087
0.595 9.43268
0.595 10.3168
0.595 8.80716
0.595 11.0777
0.595 7.56068
0.595 13.0051
0.595 17.7311
0.595 8.7735
0.595 12.1802
0.595 9.02335
0.595 11.9993
0.595 11.2592
0.595 13.2523
0.595 10.2798
0.595 9.38034
0.595 15.849
0.595 16.748
0.595 10.0002
0.595 8.40958
0.595 8.05358
0.595 15.2318
0.595 11.4691
0.595 8.98393
0.595 16.2464
0.595 15.5457
0.595 7.47018
0.595 10.8772
0.595 9.10828
0.595 12.3773
0.595 9.27697
0.595 12.1643
0.595 11.7466
0.595 16.7468
0.595 16.3405
0.595 7.68938
0.595 11.2202
0.595 9.33279
0.595 8.47538
0.595 10.855
0.595 8.44097
0.595 8.14688
0.595 9.346
0.595 8.34011
0.595 10.8099
0.595 8.75941
0.595 10.3819
0.595 9.074
0.595 17.498
0.595 8.23835
0.595 7.87393
0.595 9.77775
0.595 7.49774
0.595 11.9716
0.595 18.3727
0.595 10.82
0.595 7.77486
0.595 14.8099
0.595 9.67904
0.595 8.82118
0.595 10.0717
0.595 11.6818
0.595 11.5625
0.595 15.5662
0.595 12.4062
0.595 9.64264
0.595 11.4521
0.595 11.4598
0.595 14.6537
0.595 13.2442
0.595 12.878
0.595 7.73612
0.595 17.4436
0.595 8.32375
0.595 8.91287
0.595 17.6979
0.595 9.06097
0.595 6.53824
0.595 9.3376
0.595 12.8093
0.595 9.66045
0.595 9.5064
0.595 17.3487
0.595 9.02569
0.595 10.1016
0.595 14.6345
0.595 10.1772
0.595 18.4625
0.595 8.30397
0.595 15.2436
0.596 9.97843
0.596 7.09815
0.596 13.5261
0.596 7.82516
0.596 8.27217
0.596 8.35951
0.596 7.1955
0.596 10.78
0.596 15.4396
0.596 9.76855
0.596 12.6158
0.596 8.01504
0.596 8.657
0.596 12.0597
0.596 11.6486
0.596 12.2537
0.596 9.04356
0.596 6.9084
0.596 7.11908
0.596 10.1982
0.596 12.7408
0.596 7.85796
0.596 11.1034
0.596 7.63259
0.596 8.94335
0.596 11.9261
0.596 10.9075
0.596 7.72899
0.596 13.0589
0.596 10.4574
0.596 10.5006
0.596 11.0643
0.596 12.0638
0.596 9.73436
0.596 16.0074
0.596 8.33128
0.596 7.12556
0.596 12.9671
0.596 7.61292
0.596 7.54385
0.596 15.0919
0.596 8.13717
0.596 6.55283
0.596 10.7544
0.596 11
0.596 11.3337
0.596 12.9325
0.596 9.9191
0.596 11.6154
0.596 10.4646
0.596 9.58694
0.596 11.6812
0.596 9.47039
0.596 15.0327
0.596 7.16366
0.596 10.1723
0.596 8.87981
0.596 13.7216
0.596 9.03072
0.596 12.4413
0.596 13.6945
0.596 10.7488
0.596 10.5761
0.596 10.3465
0.596 12.1719
0.596 7.89954
0.596 7.24806
0.596 7.4578
0.596 8.0115
0.596 14.6018
0.596 8.13359
0.596 6.41349
0.596 10.2775
0.596 11.5624
0.596 7.67098
0.596 14.1201
0.596 13.4436
0.596 8.25139
0.596 8.78888
0.596 8.91855
0.596 14.5356
0.596 8.75111
0.596 7.66774
0.596 9.39709
0.596 8.48421
0.596 15.8235
0.596 9.91885
0.596 9.68849
0.596 13.7157
0.596 11.1762
0.596 11.6271
0.596 8.96836
0.596 7.46802
0.596 6.67976
0.596 10.4911
0.596 9.83471
0.596 11.2224
0.596 13.6758
0.596 17.4422
0.596 7.8253
0.597 7.92082
0.597 7.39828
0.597 9.54516
0.597 8.77475
0.597 6.59724
0.597 7.77326
0.597 12.3023
0.597 6.29729
0.597 8.99055
0.597 12.2965
0.597 11.1813
0.597 7.09333
0.597 9.15473
0.597 13.1698
0.597 6.43547
0.597 10.007
0.597 12.0412
0.597 10.7899
0.597 10.9046
0.597 12.0143
0.597 14.8305
0.597 10.1355
0.597 7.82036
0.597 14.7546
0.597 8.76377
0.597 11.3262
0.597 5.99796
0.597 11.913
0.597 9.12363
0.597 9.78011
0.597 8.49625
0.597 6.98052
0.597 7.63336
0.597 10.2057
0.597 14.5
0.597 12.2669
0.597 8.73935
0.597 9.72091
0.597 6.15237
0.597 12.9534
0.597 8.43818
0.597 8.18062
0.597 7.26534
0.597 6.67615
0.597 10.0983
0.597 11.5461
0.597 10.902
0.597 12.3269
0.597 6.64468
0.597 7.96262
0.597 7.64694
0.597 7.75951
0.597 8.17134
0.597 11.603
0.597 7.88271
0.597 7.87195
0.597 6.28265
0.597 13.9064
0.597 8.38838
0.597 9.21816
0.597 8.46558
0.597 12.0088
0.597 6.86139
0.597 6.58743
0.597 6.78334
0.597 7.67425
0.597 12.2765
0.597 7.40974
0.597 7.00052
0.597 15.1922
0.597 6.9976
0.597 7.62804
0.597 9.95651
0.597 8.76398
0.597 8.91569
0.597 7.19228
0.597 11.3351
0.597 13.4317
0.597 8.2777
0.597 7.77128
0.597 11.6204
0.597 6.89173
0.597 6.99009
0.597 7.10382
0.597 7.27773
0.597 7.64205
0.597 8.05452
0.597 5.96378
0.597 7.36429
0.597 10.4865
0.597 6.52096
0.597 8.03014
0.597 14.2798
0.597 7.72077
0.597 7.8647
0.597 7.43449
0.597 7.50823
0.597 9.92184
0.597 7.81599
0.597 7.1646
0.598 9.48976
0.598 15.8923
0.598 6.14314
0.598 9.31952
0.598 7.53449
0.598 9.07248
0.598 9.56663
0.598 9.81524
0.598 7.15061
0.598 8.39234
0.598 7.6733
0.598 6.74625
0.598 11.8087
0.598 6.47621
0.598 9.17957
0.598 12.2287
0.598 6.05436
0.598 7.07244
0.598 9.43633
0.598 7.86132
0.598 7.1551
0.598 7.37043
0.598 6.51517
0.598 9.60156
0.598 7.39384
0.598 11.6142
0.598 6.8654
0.598 8.48154
0.598 12.2929
0.598 7.4226
0.598 6.30248
0.598 7.24347
0.598 5.78939
0.598 6.27988
0.598 6.3782
0.598 9.65861
0.598 10.2684
0.598 6.10161
0.598 9.75048
0.598 10.3765
0.598 8.4043
0.598 7.28545
0.598 9.61546
0.598 7.83441
0.598 7.64742
0.598 8.4141
0.598 7.36096
0.598 8.33895
0.598 12.9425
0.598 13.295
0.598 7.68366
0.598 7.40717
0.598 8.59568
0.598 7.79149
0.598 8.11264
0.598 12.2476
0.598 12.7746
0.598 7.85637
0.598 8.53465
0.598 10.6439
0.598 6.69955
0.598 5.56403
0.598 11.0345
0.598 8.04264
0.598 6.41229
0.598 10.3052
0.598 9.0547
0.598 8.14846
0.598 6.7077
0.598 11.8634
0.598 10.366
0.598 8.28357
0.598 6.05521
0.598 9.38054
0.598 9.57239
0.598 10.8055
0.598 9.36808
0.598 7.06055
0.598 6.17522
0.598 7.45773
0.598 6.91385
0.598 7.18373
0.598 8.70856
0.598 6.96965
0.598 16.1269
0.598 7.74597
0.598 7.0651
0.598 7.62488
0.598 8.95508
0.598 6.045
0.598 6.93108
0.598 7.40674
0.598 9.38353
0.598 7.83101
0.598 13.5854
0.598 6.37226
0.598 7.98713
0.598 7.89383
0.598 7.47143
0.598 8.73334
0.599 6.51111
0.599 5.32866
0.599 7.81443
0.599 6.48841
0.599 8.39445
0.599 6.35369
0.599 8.72371
0.599 11.383
0.599 6.87097
0.599 6.86045
0.599 6.57955
0.599 5.78716
0.599 9.94693
0.599 10.549
0.599 10.2144
0.599 6.86834
0.599 6.47097
0.599 14.828
0.599 6.58073
0.599 8.09934
0.599 14.7017
0.599 7.10112
0.599 5.63615
0.599 7.88915
0.599 5.93359
0.599 7.94913
0.599 9.00866
0.599 6.16766
0.599 7.58249
0.599 7.97283
0.599 7.14062
0.599 6.41226
0.599 7.68004
0.599 6.04507
0.599 8.85055
0.599 6.63258
0.599 6.53082
0.599 11.4302
0.599 8.26735
0.599 6.92434
0.599 14.2665
0.599 6.49066
0.599 12.4058
0.599 7.98589
0.599 7.58253
0.599 6.88776
0.599 7.4717
0.599 5.85986
0.599 8.16636
0.599 8.08837
0.599 6.63721
0.599 8.89313
0.599 5.58835
0.599 14.438
0.599 5.74163
0.599 6.5618
0.599 16.3619
0.599 9.23847
0.599 8.85749
0.599 12.7937
0.599 6.7057
0.599 6.25535
0.599 6.89071
0.599 7.8017
0.599 15.4193
0.599 6.72341
0.599 8.89898
0.599 12.0903
0.599 8.4429
0.599 8.42754
0.599 7.09095
0.599 8.91901
0.599 6.241
0.599 6.81135
0.599 6.27477
0.599 8.06802
0.599 6.76333
0.599 8.82409
0.599 6.91294
0.599 7.46645
0.599 8.33618
0.599 7.39725
0.599 7.04303
0.599 7.34822
0.599 7.50552
0.599 6.78401
0.599 8.21298
0.599 6.62128
0.599 7.717
0.599 7.52428
0.599 5.95151
0.599 9.96764
0.599 8.88213
0.599 7.88748
0.599 6.55235
0.599 9.45952
0.599 6.42285
0.599 6.54035
0.599 7.0876
0.599 11.5786
0.3 2.33283
0.3 2.35165
0.3 2.33641
0.3 2.32306
0.3 2.33025
0.3 2.35995
0.3 2.34213
0.3 2.33905
0.3 2.33343
0.3 2.33633
0.31 2.43493
0.31 2.43487
0.31 2.42665
0.31 2.43401
0.31 2.43534
0.31 2.42902
0.31 2.42963
0.31 2.42029
0.31 2.43355
0.31 2.42865
0.32 2.53187
0.32 2.53278
0.32 2.51602
0.32 2.52387
0.32 2.5529
0.32 2.53546
0.32 2.53218
0.32 2.54075
0.32 2.538
0.32 2.54006
0.33 2.6516
0.33 2.64657
0.33 2.6362
0.33 2.64779
0.33 2.6554
0.33 2.65597
0.33 2.66543
0.33 2.66161
0.33 2.64895
0.33 2.66888
0.34 2.78735
0.34 2.76354
0.34 2.76522
0.34 2.76142
0.34 2.77103
0.34 2.77566
0.34 2.76932
0.34 2.78195
0.34 2.78611
0.34 2.76646
0.35 2.94455
0.35 2.90614
0.35 2.89677
0.35 2.92889
0.35 2.89404
0.35 2.87629
0.35 2.89605
0.35 2.91398
0.35 2.9025
0.35 2.91084
0.36 3.04342
0.36 3.0419
0.36 3.05239
0.36 3.05495
0.36 3.04534
0.36 3.05613
0.36 3.0503
0.36 3.06649
0.36 3.04301
0.36 3.04933
0.37 3.22234
0.37 3.21397
0.37 3.20679
0.37 3.18794
0.37 3.23187
0.37 3.22628
0.37 3.20252
0.37 3.21448
0.37 3.20009
0.37 3.20675
0.38 3.36696
0.38 3.35933
0.38 3.35948
0.38 3.36302
0.38 3.37364
0.38 3.38981
0.38 3.38924
0.38 3.37833
0.38 3.38262
0.38 3.37324
0.39 3.55763
0.39 3.55416
0.39 3.52559
0.39 3.56093
0.39 3.56701
0.39 3.54126
0.39 3.57039
0.39 3.55186
0.39 3.51808
0.39 3.56212
0.4 3.77151
0.4 3.75227
0.4 3.77809
0.4 3.7473
0.4 3.7567
0.4 3.73845
0.4 3.76663
0.4 3.74965
0.4 3.73199
0.4 3.77351
0.41 3.97724
0.41 3.96305
0.41 3.94947
0.41 3.95532
0.41 3.95963
0.41 3.94814
0.41 3.98107
0.41 3.97212
0.41 3.97783
0.41 3.97249
0.42 4.18191
0.42 4.20882
0.42 4.22902
0.42 4.20203
0.42 4.22316
0.42 4.19799
0.42 4.27068
0.42 4.24479
0.42 4.21881
0.42 4.24821
0.43 4.46473
0.43 4.48293
0.43 4.50836
0.43 4.473
0.43 4.49229
0.43 4.53401
0.43 4.52225
0.43 4.4831
0.43 4.497
0.43 4.50476
0.44 4.80376
0.44 4.765
0.44 4.77308
0.44 4.74638
0.44 4.73895
0.44 4.79618
0.44 4.78123
0.44 4.78744
0.44 4.76246
0.44 4.81104
0.45 5.10813
0.45 5.11939
0.45 5.12335
0.45 5.13705
0.45 5.12685
0.45 5.11687
0.45 5.14289
0.45 5.11488
0.45 5.08052
0.45 5.0749
0.46 5.51526
0.46 5.46449
0.46 5.50342
0.46 5.49832
0.46 5.48292
0.46 5.5017
0.46 5.47402
0.46 5.44771
0.46 5.51217
0.46 5.46637
0.47 5.88275
0.47 5.89442
0.47 5.94621
0.47 5.9595
0.47 5.90996
0.47 5.9292
0.47 5.84471
0.47 5.90655
0.47 5.93363
0.47 5.97662
0.48 6.4637
0.48 6.32681
0.48 6.46783
0.48 6.37765
0.48 6.40272
0.48 6.35051
0.48 6.34856
0.48 6.42443
0.48 6.37415
0.48 6.35312
0.49 6.88471
0.49 6.96258
0.49 6.96088
0.49 6.83225
0.49 6.88606
0.49 6.92449
0.49 6.99694
0.49 6.90354
0.49 6.87633
0.49 7.03339
0.5 7.45325
0.5 7.50349
0.5 7.6049
0.5 7.47422
0.5 7.47255
0.5 7.5037
0.5 7.58238
0.5 7.53867
0.5 7.50295
0.5 7.54946
0.51 8.09667
0.51 8.2121
0.51 8.13572
0.51 8.23869
0.51 8.24837
0.51 8.30025
0.51 8.14832
0.51 8.16264
0.51 8.27255
0.51 8.28308
0.52 9.05323
0.52 8.97223
0.52 9.03286
0.52 9.12667
0.52 9.06042
0.52 9.01223
0.52 8.97155
0.52 9.0891
0.52 8.99897
0.52 8.99886
0.53 9.93192
0.53 9.8808
0.53 9.96617
0.53 10.0793
0.53 10.059
0.53 9.99802
0.53 10.1497
0.53 9.97937
0.53 9.9511
0.53 10.0255
0.54 10.9288
0.54 11.1069
0.54 10.9163
0.54 11.0564
0.54 10.9996
0.54 11.1203
0.54 11.0781
0.54 11.0856
0.54 11.0297
0.54 11.205
0.55 12.3025
0.55 12.0966
0.55 12.2769
0.55 12.2206
0.55 12.1093
0.55 12.4168
0.55 12.338
0.55 12.5164
0.55 12.2646
0.55 12.4204
0.56 13.9501
0.56 13.7254
0.56 13.8655
0.56 13.6577
0.56 13.7357
0.56 13.9304
0.56 13.8487
0.56 13.6512
0.56 13.764
0.56 13.9296