0.55 12.4396
0.55 12.5394
0.55 12.5289
0.55 12.4493
0.55 12.3546
0.55 12.4101
0.55 12.5685
0.55 12.388
0.55 12.4253
0.55 12.3171
0.551 12.6588
0.551 12.4965
0.551 12.5402
0.551 12.4626
0.551 12.5129
0.551 12.5023
0.551 12.5149
0.551 12.5738
0.551 12.5809
0.551 12.4535
0.552 12.561
0.552 12.5636
0.552 12.7898
0.552 12.7886
0.552 12.7122
0.552 12.74
0.552 12.8127
0.552 12.7299
0.552 12.8452
0.552 12.5655
0.553 12.7333
0.553 12.6871
0.553 12.8469
0.553 12.7775
0.553 12.7759
0.553 12.8524
0.553 12.7079
0.553 12.8744
0.553 12.8425
0.553 12.7901
0.554 13.0634
0.554 13.0163
0.554 12.9339
0.554 12.9642
0.554 13.1674
0.554 12.8489
0.554 12.826
0.554 12.8762
0.554 12.86
0.554 13.0715
0.555 13.265
0.555 13.1073
0.555 13.278
0.555 13.1937
0.555 13.0336
0.555 13.0968
0.555 13.2809
0.555 12.9909
0.555 13.0963
0.555 13.2416
0.556 13.2643
0.556 13.2616
0.556 13.2936
0.556 13.4127
0.556 13.2844
0.556 13.1653
0.556 13.3738
0.556 13.2045
0.556 13.0475
0.556 13.3009
0.557 13.5885
0.557 13.4425
0.557 13.3358
0.557 13.3875
0.557 13.2326
0.557 13.3724
0.557 13.3994
0.557 13.5917
0.557 13.6199
0.557 13.4603
0.558 13.7828
0.558 13.5102
0.558 13.4714
0.558 13.6331
0.558 13.4037
0.558 13.4557
0.558 13.5433
0.558 13.6706
0.558 13.5241
0.558 13.4883
0.559 13.7768
0.559 13.7847
0.559 13.6465
0.559 13.5762
0.559 13.7572
0.559 13.843
0.559 13.6879
0.559 13.8007
0.559 13.7038
0.559 13.8185
0.56 13.615
0.56 13.9388
0.56 13.9619
0.56 13.8167
0.56 13.7622
0.56 13.6329
0.56 13.7934
0.56 13.898
0.56 13.7363
0.56 13.9416
0.561 14.0634
0.561 13.7563
0.561 14.142
0.561 14.1911
0.561 14.1068
0.561 13.8964
0.561 14.1049
0.561 14.1751
0.561 14.2643
0.561 14.078
0.562 14.2704
0.562 14.0716
0.562 14.1963
0.562 14.3716
0.562 14.1579
0.562 14.3916
0.562 14.2167
0.562 14.2887
0.562 14.2818
0.562 14.1286
0.563 14.3065
0.563 14.2218
0.563 14.3033
0.563 14.298
0.563 14.3049
0.563 14.4613
0.563 14.6541
0.563 14.338
0.563 14.3395
0.563 14.5982
0.564 14.5339
0.564 14.4176
0.564 14.6484
0.564 14.5656
0.564 14.5888
0.564 14.7676
0.564 14.526
0.564 14.3895
0.564 14.4471
0.564 14.6944
0.565 14.6939
0.565 14.8177
0.565 14.7855
0.565 14.6491
0.565 14.5928
0.565 14.5731
0.565 14.724
0.565 14.4177
0.565 14.5375
0.565 14.8501
0.566 14.6193
0.566 14.786
0.566 14.754
0.566 14.9079
0.566 14.9781
0.566 14.6674
0.566 14.8725
0.566 14.6345
0.566 14.6904
0.566 14.8188
0.567 15.0934
0.567 14.9377
0.567 15.2351
0.567 14.9929
0.567 14.8836
0.567 15.2493
0.567 15.0622
0.567 15.0389
0.567 14.8319
0.567 15.0037
0.568 15.137
0.568 15.3966
0.568 15.215
0.568 14.9442
0.568 15.6197
0.568 15.1794
0.568 15.2282
0.568 15.1697
0.568 15.0868
0.568 15.1848
0.569 15.4225
0.569 15.3425
0.569 15.4413
0.569 15.3037
0.569 15.3076
0.569 15.2272
0.569 15.1628
0.569 15.4998
0.569 15.3839
0.569 15.2851
0.57 15.5018
0.57 15.4401
0.57 15.3236
0.57 15.6052
0.57 15.3192
0.57 15.8871
0.57 15.4841
0.57 15.6265
0.57 15.5462
0.57 15.5922
0.571 15.7326
0.571 15.8207
0.571 15.6799
0.571 15.4583
0.571 15.7535
0.571 15.8867
0.571 15.692
0.571 15.7815
0.571 15.7166
0.571 15.6684
0.572 16.0881
0.572 15.9017
0.572 16.0871
0.572 15.8008
0.572 16.0389
0.572 15.8591
0.572 16.0094
0.572 15.7753
0.572 15.9845
0.572 15.7501
0.573 16.0265
0.573 15.9758
0.573 16.1229
0.573 16.0016
0.573 15.9651
0.573 16.3305
0.573 15.9792
0.573 16.1792
0.573 15.967
0.573 15.7969
0.574 16.3165
0.574 16.3053
0.574 16.1844
0.574 16.1656
0.574 16.2102
0.574 16.3399
0.574 16.4327
0.574 16.1466
0.574 16.0441
0.574 16.0934
0.575 16.3687
0.575 16.6168
0.575 16.5665
0.575 16.5372
0.575 16.3823
0.575 16.5076
0.575 16.4564
0.575 16.1266
0.575 16.5972
0.575 16.3824
0.576 16.4806
0.576 16.8463
0.576 16.5791
0.576 16.4728
0.576 16.1254
0.576 16.7169
0.576 16.6987
0.576 16.554
0.576 16.3558
0.576 16.517
0.577 16.8397
0.577 16.9341
0.577 16.9533
0.577 16.8767
0.577 16.9078
0.577 16.902
0.577 16.6032
0.577 16.6945
0.577 16.6274
0.577 16.5042
0.578 17.15
0.578 17.035
0.578 16.7669
0.578 16.7685
0.578 16.3278
0.578 16.4153
0.578 16.694
0.578 16.7644
0.578 16.6238
0.578 16.811
0.579 17.4143
0.579 17.2169
0.579 16.9565
0.579 16.6677
0.579 17.2531
0.579 17.1842
0.579 17.0362
0.579 17.0237
0.579 17.0508
0.579 17.2273
0.58 16.9437
0.58 17.1793
0.58 17.5719
0.58 17.6996
0.58 17.1035
0.58 17.2181
0.58 17.3566
0.58 17.2544
0.58 17.164
0.58 17.1159
0.581 17.2821
0.581 17.1694
0.581 17.7138
0.581 17.2067
0.581 17.5766
0.581 17.006
0.581 16.2807
0.581 17.3323
0.581 17.5825
0.581 17.3117
0.582 17.5304
0.582 17.4089
0.582 17.5569
0.582 17.4959
0.582 17.4554
0.582 17.273
0.582 17.6534
0.582 17.3751
0.582 16.9254
0.582 16.5175
0.583 17.1112
0.583 18.2448
0.583 17.0516
0.583 16.3746
0.583 16.8393
0.583 17.8681
0.583 17.5203
0.583 17.7779
0.583 17.5807
0.583 17.9232
0.584 17.1531
0.584 18.0193
0.584 16.473
0.584 17.5652
0.584 17.9145
0.584 17.8985
0.584 17.1239
0.584 17.9948
0.584 18.1671
0.584 18.1542
0.585 16.9431
0.585 17.8803
0.585 17.2852
0.585 17.9121
0.585 18.1835
0.585 17.8484
0.585 17.6117
0.585 17.1053
0.585 17.8144
0.585 17.6101
0.586 16.1507
0.586 17.9933
0.586 18.0176
0.586 17.0268
0.586 16.4469
0.586 18.3351
0.586 17.0744
0.586 17.4835
0.586 17.7519
0.586 17.5626
0.587 18.0085
0.587 17.6877
0.587 17.3133
0.587 17.9932
0.587 18.3543
0.587 16.6405
0.587 16.7311
0.587 13.1314
0.587 17.1901
0.587 17.9621
0.588 15.9173
0.588 17.7426
0.588 15.645
0.588 16.6222
0.588 17.2796
0.588 15.6061
0.588 17.3692
0.588 17.4571
0.588 16.9135
0.588 17.6612
0.589 17.2866
0.589 15.2438
0.589 16.1243
0.589 16.2686
0.589 16.8718
0.589 16.4107
0.589 17.9033
0.589 15.2887
0.589 13.526
0.589 16.9392
0.59 18.7119
0.59 12.7967
0.59 14.9847
0.59 12.5015
0.59 16.8244
0.59 18.112
0.59 17.8358
0.59 16.3014
0.59 15.5845
0.59 14.4898
0.591 15.6627
0.591 13.9454
0.591 14.9329
0.591 17.0158
0.591 17.7933
0.591 16.8636
0.591 10.0962
0.591 14.1613
0.591 16.2096
0.591 11.2904
0.592 17.178
0.592 16.7185
0.592 12.5919
0.592 17.5065
0.592 16.2852
0.592 13.0117
0.592 17.7777
0.592 13.4354
0.592 14.1989
0.592 17.8707
0.593 16.0141
0.593 15.398
0.593 10.3486
0.593 15.8224
0.593 13.7991
0.593 17.2051
0.593 12.7864
0.593 12.4176
0.593 15.4869
0.593 11.9538
0.594 11.0723
0.594 14.8191
0.594 11.6854
0.594 9.06162
0.594 11.9618
0.594 11.2809
0.594 14.8594
0.594 8.73548
0.594 8.68277
0.594 13.5964
0.595 14.7701
0.595 13.1133
0.595 15.3963
0.595 10.7846
0.595 11.0559
0.595 10.3854
0.595 10.3098
0.595 9.69593
0.595 15.7407
0.595 11.137
0.596 13.8886
0.596 7.86541
0.596 9.27212
0.596 10.4864
0.596 8.49583
0.596 10.4835
0.596 12.6601
0.596 7.91852
0.596 11.6918
0.596 9.76114
0.597 8.62268
0.597 6.44233
0.597 17.8838
0.597 14.4062
0.597 8.24573
0.597 10.1413
0.597 6.61683
0.597 8.53696
0.597 8.2634
0.597 7.01431
0.598 6.14985
0.598 10.4321
0.598 7.46433
0.598 9.15893
0.598 8.2019
0.598 7.51411
0.598 7.07166
0.598 6.90492
0.598 9.81004
0.598 11.7028
0.599 6.42587
0.599 8.31587
0.599 7.53854
0.599 12.453
0.599 7.44532
0.599 10.4172
0.599 6.28479
0.599 6.68916
0.599 6.86877
0.599 5.99884
0.6 6.26941
0.6 9.38715
0.6 7.44503
0.6 6.21342
0.6 6.79239
0.6 6.8763
0.6 7.89868
0.6 7.39236
0.6 7.69581
0.6 6.93758
0.601 6.07036
0.601 7.24644
0.601 5.18545
0.601 7.4304
0.601 6.91427
0.601 5.59284
0.601 6.43365
0.601 6.99636
0.601 6.24319
0.601 5.55876
0.602 5.37918
0.602 5.73006
0.602 5.55275
0.602 5.75774
0.602 5.36469
0.602 5.50927
0.602 5.32092
0.602 8.34804
0.602 8.24704
0.602 5.7646
0.603 7.51155
0.603 6.725
0.603 5.21792
0.603 4.93037
0.603 5.68437
0.603 5.25623
0.603 5.90554
0.603 6.13122
0.603 5.35419
0.603 5.569
0.604 4.51445
0.604 5.16835
0.604 5.74702
0.604 5.89676
0.604 5.17149
0.604 5.67579
0.604 5.0685
0.604 5.60792
0.604 5.59968
0.604 5.42969
0.55 12.3604
0.55 12.3516
0.55 12.2885
0.55 12.2616
0.55 12.4837
0.55 12.4068
0.55 12.5896
0.55 12.3946
0.55 12.2591
0.55 12.3533
0.551 12.4462
0.551 12.5444
0.551 12.532
0.551 12.5122
0.551 12.5741
0.551 12.5366
0.551 12.4104
0.551 12.5055
0.551 12.4992
0.551 12.567
0.552 12.8654
0.552 12.7224
0.552 12.8191
0.552 12.7627
0.552 12.6202
0.552 12.6512
0.552 12.6566
0.552 12.6454
0.552 12.5506
0.552 12.5197
0.553 12.7684
0.553 12.7534
0.553 12.9623
0.553 12.555
0.553 12.7341
0.553 12.7752
0.553 12.6799
0.553 12.8558
0.553 12.7653
0.553 12.8422
0.554 12.9219
0.554 12.8772
0.554 13.1041
0.554 13.0705
0.554 13.0099
0.554 12.9844
0.554 12.9604
0.554 12.9989
0.554 12.9527
0.554 13.0025
0.555 13.1164
0.555 13.0327
0.555 13.1266
0.555 13.0641
0.555 13.3447
0.555 13.3279
0.555 13.126
0.555 13.0898
0.555 13.2588
0.555 13.0392
0.556 13.1503
0.556 13.2292
0.556 13.2258
0.556 13.2257
0.556 13.2665
0.556 13.2754
0.556 13.2554
0.556 13.3034
0.556 13.3152
0.556 13.2377
0.557 13.3558
0.557 13.4007
0.557 13.6315
0.557 13.5004
0.557 13.316
0.557 13.18
0.557 13.3436
0.557 13.3925
0.557 13.3251
0.557 13.4297
0.558 13.5879
0.558 13.4804
0.558 13.6068
0.558 13.5243
0.558 13.4747
0.558 13.5849
0.558 13.5841
0.558 13.5757
0.558 13.4749
0.558 13.6321
0.559 13.8445
0.559 13.5502
0.559 13.76
0.559 13.7564
0.559 13.693
0.559 13.7929
0.559 13.6112
0.559 13.6371
0.559 13.8081
0.559 13.555
0.56 13.8473
0.56 13.9293
0.56 13.951
0.56 13.783
0.56 13.8458
0.56 13.8498
0.56 13.7569
0.56 13.8688
0.56 13.914
0.56 13.6678
0.561 14.0968
0.561 14.232
0.561 14.0778
0.561 14.0249
0.561 13.9695
0.561 14.0387
0.561 14.0703
0.561 13.9545
0.561 13.9499
0.561 14.0007
0.562 13.9139
0.562 14.1568
0.562 13.9706
0.562 14.3006
0.562 14.0873
0.562 14.2218
0.562 14.2996
0.562 14.2143
0.562 14.0496
0.562 14.2705
0.563 14.1403
0.563 14.6168
0.563 14.1643
0.563 14.2864
0.563 14.4322
0.563 14.4899
0.563 14.3504
0.563 14.5055
0.563 14.2461
0.563 14.3201
0.564 14.3843
0.564 14.3942
0.564 14.7474
0.564 14.304
0.564 14.4134
0.564 14.3054
0.564 14.5309
0.564 14.3732
0.564 14.598
0.564 14.6961
0.565 14.8674
0.565 14.7553
0.565 14.5839
0.565 14.6033
0.565 14.5812
0.565 14.4079
0.565 14.7523
0.565 14.6822
0.565 14.9306
0.565 14.5597
0.566 14.8073
0.566 14.9886
0.566 14.7394
0.566 14.7485
0.566 14.8756
0.566 14.9304
0.566 14.8137
0.566 14.995
0.566 14.9696
0.566 14.8587
0.567 14.6958
0.567 15.1203
0.567 14.9486
0.567 14.8412
0.567 15.0606
0.567 15.1021
0.567 15.0228
0.567 14.8489
0.567 15.0706
0.567 14.8863
0.568 15.1396
0.568 15.0168
0.568 15.003
0.568 15.1255
0.568 14.9504
0.568 15.4942
0.568 15.3175
0.568 15.3109
0.568 15.3073
0.568 15.0526
0.569 15.3214
0.569 15.2182
0.569 15.3743
0.569 15.3124
0.569 15.1258
0.569 15.1465
0.569 15.3458
0.569 15.4059
0.569 15.4052
0.569 15.3011
0.57 15.5402
0.57 15.3214
0.57 15.3846
0.57 15.5212
0.57 15.513
0.57 15.6144
0.57 15.7421
0.57 15.545
0.57 15.3533
0.57 15.4617
0.571 15.5731
0.571 15.9004
0.571 15.4957
0.571 15.8722
0.571 15.6745
0.571 15.7884
0.571 15.4747
0.571 15.7807
0.571 15.6964
0.571 16.0509
0.572 15.9274
0.572 15.8917
0.572 15.9208
0.572 16.1768
0.572 15.8047
0.572 16.1046
0.572 16.0747
0.572 15.6693
0.572 15.7536
0.572 15.6775
0.573 16.0746
0.573 15.8403
0.573 15.93
0.573 16.1675
0.573 16.0449
0.573 16.2729
0.573 16.083
0.573 16.1019
0.573 16.3626
0.573 16.1691
0.574 16.3059
0.574 16.1591
0.574 16.4091
0.574 16.6456
0.574 16.16
0.574 16.3612
0.574 16.3318
0.574 16.2632
0.574 16.1906
0.574 16.3803
0.575 16.1589
0.575 16.3434
0.575 16.2534
0.575 16.5573
0.575 16.2859
0.575 16.5102
0.575 15.9721
0.575 16.3374
0.575 16.2829
0.575 16.1187
0.576 16.5527
0.576 16.8313
0.576 16.8116
0.576 16.5918
0.576 16.7697
0.576 16.5661
0.576 16.2258
0.576 16.505
0.576 16.7386
0.576 16.5243
0.577 16.8917
0.577 16.5632
0.577 16.849
0.577 16.8302
0.577 16.5217
0.577 16.7142
0.577 16.6368
0.577 16.4719
0.577 16.6137
0.577 16.8158
0.578 16.8351
0.578 16.842
0.578 17.0647
0.578 16.6212
0.578 17.113
0.578 17.1668
0.578 16.8642
0.578 16.7624
0.578 17.1
0.578 16.9555
0.579 16.9849
0.579 17.2504
0.579 17.0682
0.579 17.1173
0.579 17.2273
0.579 17.1771
0.579 16.781
0.579 17.0766
0.579 17.1925
0.579 17.0961
0.58 17.3576
0.58 17.2361
0.58 16.9291
0.58 17.285
0.58 17.4517
0.58 17.0121
0.58 17.3383
0.58 17.123
0.58 16.9972
0.58 17.0507
0.581 17.6371
0.581 17.4476
0.581 17.1784
0.581 16.3719
0.581 17.0102
0.581 17.3501
0.581 17.2804
0.581 17.6695
0.581 17.3565
0.581 17.3907
0.582 16.8578
0.582 17.3342
0.582 17.7656
0.582 17.4174
0.582 17.6451
0.582 17.0035
0.582 17.5533
0.582 17.67
0.582 17.5099
0.582 18.0875
0.583 17.6888
0.583 17.777
0.583 17.013
0.583 17.7601
0.583 17.775
0.583 17.2274
0.583 16.3672
0.583 17.3841
0.583 17.0379
0.583 17.3313
0.584 17.9647
0.584 17.6426
0.584 17.4393
0.584 17.9825
0.584 18.2237
0.584 18.0844
0.584 17.2319
0.584 17.4799
0.584 17.2726
0.584 17.5806
0.585 18.457
0.585 17.9507
0.585 17.8041
0.585 16.5898
0.585 17.0421
0.585 18.4663
0.585 17.7287
0.585 16.147
0.585 18.0208
0.585 17.7024
0.586 17.233
0.586 17.6135
0.586 17.514
0.586 18.2484
0.586 17.0107
0.586 17.7659
0.586 18.1896
0.586 17.9688
0.586 17.589
0.586 15.9746
0.587 17.7323
0.587 18.1991
0.587 18.0771
0.587 17.5602
0.587 16.8264
0.587 17.524
0.587 17.1987
0.587 15.6561
0.587 17.6019
0.587 17.0045
0.588 14.9984
0.588 15.1821
0.588 14.4738
0.588 16.7372
0.588 14.9908
0.588 18.1085
0.588 15.1271
0.588 18.1678
0.588 17.8939
0.588 17.7284
0.589 18.0822
0.589 13.9612
0.589 16.1876
0.589 13.0734
0.589 17.8917
0.589 18.1471
0.589 15.9715
0.589 18.0248
0.589 18.13
0.589 17.2143
0.59 17.3485
0.59 12.2155
0.59 13.0216
0.59 13.0637
0.59 17.7551
0.59 13.4099
0.59 16.8084
0.59 9.9816
0.59 17.5819
0.59 18.15
0.591 15.2431
0.591 10.9614
0.591 16.3501
0.591 18.686
0.591 11.4898
0.591 15.6787
0.591 13.6584
0.591 18.3626
0.591 12.6246
0.591 18.904
0.592 15.4257
0.592 10.4634
0.592 10.1211
0.592 15.7282
0.592 15.5443
0.592 15.784
0.592 8.68849
0.592 10.8155
0.592 15.1166
0.592 13.7812
0.593 10.5649
0.593 15.7457
0.593 8.50305
0.593 13.3268
0.593 11.3854
0.593 10.9373
0.593 13.2101
0.593 14.9407
0.593 13.5547
0.593 14.3668
0.594 14.0668
0.594 7.99515
0.594 12.5599
0.594 11.4389
0.594 15.4059
0.594 17.7745
0.594 10.3163
0.594 16.7655
0.594 10.029
0.594 15.9169
0.595 12.1289
0.595 7.1304
0.595 9.56399
0.595 15.2172
0.595 8.90906
0.595 15.7258
0.595 10.6404
0.595 10.2134
0.595 6.66223
0.595 12.9173
0.596 8.14062
0.596 9.00783
0.596 8.46042
0.596 13.9167
0.596 8.33247
0.596 10.2023
0.596 8.71123
0.596 12.9327
0.596 14.9982
0.596 7.72649
0.597 8.82341
0.597 8.21638
0.597 6.69318
0.597 7.91301
0.597 9.34054
0.597 14.5843
0.597 10.9336
0.597 9.85003
0.597 9.88584
0.597 12.6717
0.598 8.89246
0.598 12.918
0.598 9.11212
0.598 6.43799
0.598 8.1876
0.598 6.79493
0.598 7.35622
0.598 7.62752
0.598 6.54998
0.598 6.67264
0.599 10.2283
0.599 8.57935
0.599 12.9619
0.599 6.7065
0.599 6.71389
0.599 7.07529
0.599 6.147
0.599 6.63281
0.599 7.00008
0.599 6.51209
0.6 5.76379
0.6 6.02625
0.6 6.16814
0.6 6.34555
0.6 6.51273
0.6 5.78694
0.6 5.80466
0.6 5.88639
0.6 5.67886
0.6 6.33357
0.601 6.06097
0.601 7.46197
0.601 6.21194
0.601 5.91796
0.601 6.16822
0.601 6.80873
0.601 7.24787
0.601 6.42837
0.601 5.41232
0.601 5.96447
0.602 5.12145
0.602 5.83262
0.602 6.25349
0.602 5.16549
0.602 5.99077
0.602 5.92682
0.602 5.30525
0.602 5.89936
0.602 5.55722
0.602 5.37359
0.603 5.81101
0.603 6.16402
0.603 4.99876
0.603 4.86843
0.603 5.41213
0.603 4.61879
0.603 5.19593
0.603 5.9788
0.603 5.73405
0.603 5.13991
0.604 6.05644
0.604 4.80928
0.604 4.80881
0.604 4.90297
0.604 5.05207
0.604 5.27417
0.604 5.23386
0.604 5.49402
0.604 5.02757
0.604 5.44718
0.605 5.30775
0.605 5.05711
0.605 4.81902
0.605 5.16628
0.605 4.84873
0.605 5.12021
0.605 4.90955
0.605 6.09061
0.605 4.75265
0.605 4.84242
0.606 5.33491
0.606 5.10529
0.606 5.2275
0.606 5.06953
0.606 4.98172
0.606 5.01857
0.606 4.75828
0.606 5.16739
0.606 5.22805
0.606 5.59222
0.607 5.09661
0.607 5.03986
0.607 4.88449
0.607 4.82429
0.607 5.30053
0.607 4.83752
0.607 5.02243
0.607 5.04964
0.607 4.9427
0.607 4.89461
0.608 5.32961
0.608 4.53657
0.608 4.32917
0.608 4.72905
0.608 4.99048
0.608 4.60813
0.608 4.96038
0.608 4.40802
0.608 4.90724
0.608 4.8715
0.3 2.34157
0.3 2.33139
0.3 2.33675
0.3 2.33858
0.3 2.33577
0.3 2.34348
0.3 2.32723
0.3 2.34414
0.3 2.32736
0.3 2.3369
0.31 2.43234
0.31 2.4449
0.31 2.45222
0.31 2.43525
0.31 2.42094
0.31 2.44302
0.31 2.4329
0.31 2.43629
0.31 2.44896
0.31 2.42991
0.32 2.53649
0.32 2.5356
0.32 2.5491
0.32 2.53122
0.32 2.53748
0.32 2.53551
0.32 2.54161
0.32 2.53286
0.32 2.55167
0.32 2.55142
0.33 2.66258
0.33 2.64969
0.33 2.65862
0.33 2.66245
0.33 2.66887
0.33 2.64696
0.33 2.63402
0.33 2.65651
0.33 2.65677
0.33 2.65461
0.34 2.783
0.34 2.76409
0.34 2.757
0.34 2.79047
0.34 2.77544
0.34 2.78434
0.34 2.77148
0.34 2.77666
0.34 2.77539
0.34 2.79158
0.35 2.91145
0.35 2.91354
0.35 2.91044
0.35 2.89655
0.35 2.91773
0.35 2.90092
0.35 2.91338
0.35 2.91357
0.35 2.91982
0.35 2.90213
0.36 3.04829
0.36 3.0531
0.36 3.04384
0.36 3.035
0.36 3.06331
0.36 3.04878
0.36 3.04205
0.36 3.05997
0.36 3.05429
0.36 3.06795
0.37 3.21014
0.37 3.19949
0.37 3.19301
0.37 3.19497
0.37 3.19568
0.37 3.18975
0.37 3.21099
0.37 3.21068
0.37 3.21744
0.37 3.20589