0.2 1.63987
0.2 1.63899
0.2 1.64787
0.2 1.63737
0.2 1.64313
0.21 1.69246
0.21 1.68999
0.21 1.69162
0.21 1.69518
0.21 1.70278
0.22 1.74831
0.22 1.75283
0.22 1.74706
0.22 1.74659
0.22 1.75163
0.23 1.81433
0.23 1.80672
0.23 1.80963
0.23 1.81572
0.23 1.80939
0.24 1.871
0.24 1.86636
0.24 1.87544
0.24 1.86759
0.24 1.86758
0.25 1.93956
0.25 1.92366
0.25 1.93879
0.25 1.94
0.25 1.94562
0.26 2.01273
0.26 2.00722
0.26 1.99775
0.26 2.01113
0.26 2.01031
0.27 2.08333
0.27 2.07866
0.27 2.08676
0.27 2.0819
0.27 2.08882
0.28 2.16203
0.28 2.16577
0.28 2.15458
0.28 2.15813
0.28 2.15972
0.29 2.23817
0.29 2.24824
0.29 2.23595
0.29 2.25158
0.29 2.24732
0.3 2.34815
0.3 2.33787
0.3 2.33999
0.3 2.3381
0.3 2.34363
0.31 2.43089
0.31 2.42886
0.31 2.44064
0.31 2.43316
0.31 2.43748
0.32 2.53631
0.32 2.54175
0.32 2.53407
0.32 2.53355
0.32 2.54331
0.33 2.65012
0.33 2.65681
0.33 2.65162
0.33 2.6585
0.33 2.65236
0.34 2.77166
0.34 2.77081
0.34 2.76448
0.34 2.78306
0.34 2.77508
0.35 2.89535
0.35 2.91053
0.35 2.91183
0.35 2.91045
0.35 2.91995
0.36 3.05155
0.36 3.05787
0.36 3.05792
0.36 3.05092
0.36 3.03735
0.37 3.20312
0.37 3.19095
0.37 3.19191
0.37 3.21042
0.37 3.218
0.38 3.37486
0.38 3.36206
0.38 3.38506
0.38 3.38552
0.38 3.37911
0.39 3.55526
0.39 3.56141
0.39 3.56987
0.39 3.53103
0.39 3.55695
0.4 3.74322
0.4 3.76443
0.4 3.75174
0.4 3.77258
0.4 3.75103
0.41 3.9677
0.41 3.9988
0.41 3.98517
0.41 4.01858
0.41 3.98847
0.42 4.2349
0.42 4.2228
0.42 4.21882
0.42 4.21066
0.42 4.20941
0.43 4.47383
0.43 4.49356
0.43 4.4791
0.43 4.49049
0.43 4.48329
0.44 4.80785
0.44 4.80272
0.44 4.8139
0.44 4.8083
0.44 4.80436
0.45 5.14212
0.45 5.13091
0.45 5.13086
0.45 5.15651
0.45 5.15744
0.46 5.52076
0.46 5.47798
0.46 5.53086
0.46 5.51696
0.46 5.51322
0.47 5.91463
0.47 5.89897
0.47 5.88948
0.47 5.91987
0.47 5.95366
0.48 6.3874
0.48 6.38956
0.48 6.36719
0.48 6.44264
0.48 6.35854
0.49 6.91537
0.49 6.88751
0.49 6.92867
0.49 6.86381
0.49 6.8763
0.5 7.55285
0.5 7.5476
0.5 7.49492
0.5 7.55065
0.5 7.62477
0.51 8.28564
0.51 8.31814
0.51 8.18655
0.51 8.344
0.51 8.32529
0.52 9.03234
0.52 9.13298
0.52 9.04644
0.52 9.13249
0.52 9.08171
0.53 10.0466
0.53 10.1256
0.53 10.0688
0.53 10.0792
0.53 10.1032
0.54 11.1814
0.54 11.0235
0.54 11.167
0.54 11.0856
0.54 11.1601
0.55 12.6124
0.55 12.4307
0.55 12.3422
0.55 12.446
0.55 12.4856
0.56 13.9994
0.56 14.0648
0.56 14.2076
0.56 14.1758
0.56 13.9445
0.57 15.6956
0.57 15.88
0.57 15.6735
0.57 16.0007
0.57 15.9421
0.58 18.0697
0.58 17.8093
0.58 17.9052
0.58 18.0961
0.58 17.9965
0.5 7.5932
0.5 7.5249
0.5 7.59985
0.5 7.56622
0.5 7.53695
0.51 8.22376
0.51 8.26922
0.51 8.27377
0.51 8.33422
0.51 8.31197
0.52 9.11976
0.52 9.08266
0.52 9.12774
0.52 9.09647
0.52 9.00524
0.53 10.105
0.53 10.0132
0.53 10.0012
0.53 9.89795
0.53 9.97271
0.54 11.1086
0.54 11.2897
0.54 11.2321
0.54 11.1593
0.54 10.9818
0.55 12.4968
0.55 12.4791
0.55 12.3939
0.55 12.6215
0.55 12.3901
0.56 13.8098
0.56 14.0751
0.56 14.2528
0.56 13.9087
0.56 14.0312
0.57 15.8607
0.57 15.8606
0.57 15.8347
0.57 15.895
0.57 15.7606
0.58 17.9594
0.58 17.9685
0.58 17.8685
0.58 17.8332
0.58 18.0424
0.59 20.5076
0.59 20.349
0.59 20.7009
0.59 20.1987
0.59 20.2959
0.59 20.4822
0.59 20.7159
0.59 20.4091
0.59 20.5887
0.59 20.2947
0.5 7.57473
0.5 7.55532
0.5 7.55102
0.5 7.51304
0.5 7.57156
0.5 7.60981
0.5 7.53802
0.5 7.58788
0.5 7.58273
0.5 7.55662
0.51 8.34395
0.51 8.3255
0.51 8.26185
0.51 8.25918
0.51 8.33641
0.51 8.23145
0.51 8.26679
0.51 8.3121
0.51 8.28681
0.51 8.22736
0.52 9.04758
0.52 8.98948
0.52 9.05996
0.52 9.0512
0.52 9.07852
0.52 9.04234
0.52 9.00634
0.52 9.07113
0.52 9.11376
0.52 9.17878
0.53 10.1206
0.53 9.99864
0.53 10.0333
0.53 10.0281
0.53 10.0596
0.53 10.0571
0.53 9.92422
0.53 10.019
0.53 10.151
0.53 9.9688
0.54 11.0927
0.54 11.1704
0.54 11.1289
0.54 11.2798
0.54 11.2331
0.54 11.2146
0.54 11.1535
0.54 11.2086
0.54 11.1446
0.54 11.0356
0.55 12.4962
0.55 12.4531
0.55 12.2652
0.55 12.3189
0.55 12.495
0.55 12.4191
0.55 12.3535
0.55 12.2984
0.55 12.4711
0.55 12.3165
0.56 13.9316
0.56 14.0224
0.56 14.006
0.56 13.9362
0.56 13.8574
0.56 14.0387
0.56 14.1182
0.56 13.9974
0.56 13.9247
0.56 14.1063
0.57 15.8204
0.57 15.9971
0.57 15.7635
0.57 15.9016
0.57 15.6549
0.57 15.8504
0.57 15.8068
0.57 15.9184
0.57 16.0888
0.57 16.0446
0.58 17.9217
0.58 18.0963
0.58 17.875
0.58 18.173
0.58 17.8126
0.58 17.8753
0.58 17.7082
0.58 17.7609
0.58 17.9851
0.58 18.083
0.59 20.7718
0.59 20.439
0.59 20.4668
0.59 20.2992
0.59 20.5238
0.59 20.6922
0.59 20.673
0.59 20.3394
0.59 20.364
0.59 20.2277
0.59 20.3919
0.59 20.1637
0.59 20.4465
0.59 20.6262
0.59 20.3868
0.59 20.0997
0.59 20.1602
0.59 20.6167
0.59 20.6822
0.59 20.5641
0.591 20.7267
0.591 20.5646
0.591 20.9367
0.591 20.5948
0.591 20.5758
0.591 20.8778
0.591 20.5695
0.591 20.7531
0.591 20.9171
0.591 20.6203
0.592 21.1571
0.592 20.8206
0.592 20.8023
0.592 21.2423
0.592 20.9482
0.592 20.9923
0.592 20.9082
0.592 20.8601
0.592 20.9983
0.592 21.0914
0.593 21.107
0.593 21.4972
0.593 21.179
0.593 21.5349
0.593 21.3301
0.593 21.1738
0.593 21.3926
0.593 21.3464
0.593 20.8941
0.593 21.3289
0.594 21.3632
0.594 21.8868
0.594 21.9199
0.594 21.4376
0.594 21.3904
0.594 21.4779
0.594 21.2699
0.594 21.9692
0.594 21.5475
0.594 21.8069
0.594 21.4172
0.594 21.3807
0.594 21.5353
0.594 21.4736
0.594 21.655
0.594 21.6124
0.594 21.0732
0.594 21.725
0.594 21.3481
0.594 21.7981
0.595 21.8408
0.595 21.7429
0.595 21.8419
0.595 21.8528
0.595 21.8446
0.595 22.0031
0.595 21.7581
0.595 22.29
0.595 21.8504
0.595 21.6613
0.596 22.5411
0.596 21.829
0.596 21.9238
0.596 22.6068
0.596 22.1132
0.596 22.3038
0.596 22.4808
0.596 21.7719
0.596 21.843
0.596 21.8444
0.597 22.5068
0.597 22.3339
0.597 22.5051
0.597 22.5901
0.597 22.4746
0.597 22.6498
0.597 22.4823
0.597 22.201
0.597 22.7495
0.597 22.5552
0.598 22.6282
0.598 22.5613
0.598 22.375
0.598 22.8011
0.598 22.6604
0.598 22.8826
0.598 22.781
0.598 22.6542
0.598 22.6524
0.598 22.679
0.598 22.9088
0.598 23.0062
0.598 22.8253
0.598 22.5049
0.598 22.9257
0.598 22.5979
0.598 22.4988
0.598 22.4438
0.598 22.4978
0.598 22.9388
0.599 22.7522
0.599 23.3048
0.599 23.2484
0.599 23.4324
0.599 23.2047
0.599 22.929
0.599 23.1275
0.599 22.8614
0.599 22.7518
0.599 23.0744
0.6 23.2544
0.6 23.0242
0.6 23.1862
0.6 23.3581
0.6 23.3546
0.6 23.3463
0.6 23.4092
0.6 23.2855
0.6 23.0334
0.6 23.2174
0.601 23.4284
0.601 23.7628
0.601 23.875
0.601 23.7004
0.601 23.4082
0.601 23.4275
0.601 23.3671
0.601 23.9813
0.601 23.7388
0.601 23.6996
0.602 23.9833
0.602 24.2821
0.602 23.871
0.602 23.7416
0.602 24.0784
0.602 24.3728
0.602 23.8987
0.602 24.2188
0.602 23.8736
0.602 24.4081
0.603 24.3771
0.603 24.5355
0.603 24.5039
0.603 24.3067
0.603 24.1047
0.603 24.1555
0.603 24.3882
0.603 23.8546
0.603 24.1003
0.603 24.4654
0.604 24.6497
0.604 24.8263
0.604 24.5291
0.604 24.6299
0.604 24.9481
0.604 24.6057
0.604 24.5503
0.604 24.6321
0.604 24.623
0.604 24.9569
0.605 24.9663
0.605 24.9616
0.605 24.989
0.605 24.9325
0.605 24.6532
0.605 25.0914
0.605 25.1136
0.605 24.6838
0.605 25.1183
0.605 25.1733
0.606 25.0838
0.606 25.2057
0.606 25.0096
0.606 24.8648
0.606 25.0819
0.606 24.7639
0.606 25.0218
0.606 25.6498
0.606 25.6884
0.606 25.2739
0.607 25.7539
0.607 25.6092
0.607 25.4675
0.607 25.7071
0.607 25.7703
0.607 25.3396
0.607 25.6731
0.607 25.8021
0.607 25.7638
0.607 25.662
0.5 7.52093
0.5 7.59292
0.5 7.53163
0.5 7.58175
0.5 7.61815
0.5 7.56488
0.5 7.60708
0.5 7.60274
0.5 7.56464
0.5 7.5134
0.501 7.62459
0.501 7.54417
0.501 7.65468
0.501 7.69852
0.501 7.59687
0.501 7.57337
0.501 7.62613
0.501 7.61644
0.501 7.62828
0.501 7.69347
0.502 7.76582
0.502 7.78127
0.502 7.66732
0.502 7.66066
0.502 7.69327
0.502 7.67211
0.502 7.74892
0.502 7.72636
0.502 7.68776
0.502 7.66851
0.503 7.73121
0.503 7.81532
0.503 7.79363
0.503 7.73755
0.503 7.78032
0.503 7.76689
0.503 7.79333
0.503 7.77198
0.503 7.71599
0.503 7.74336
0.504 7.90327
0.504 7.83457
0.504 7.76246
0.504 7.77638
0.504 7.74823
0.504 7.84639
0.504 7.77626
0.504 7.78528
0.504 7.76844
0.504 7.83235
0.505 7.83478
0.505 7.86864
0.505 7.94421
0.505 7.89057
0.505 7.90502
0.505 7.87561
0.505 7.9304
0.505 7.93686
0.505 7.83621
0.505 7.94416
0.506 8.01744
0.506 8.01921
0.506 7.95191
0.506 7.9901
0.506 7.91348
0.506 7.9799
0.506 7.98182
0.506 7.96321
0.506 7.89668
0.506 7.93429
0.507 8.04759
0.507 8.08146
0.507 8.03791
0.507 8.01144
0.507 8.01893
0.507 8.1226
0.507 8.04234
0.507 8.05765
0.507 7.9722
0.507 8.08274
0.508 8.18116
0.508 8.17714
0.508 8.17606
0.508 8.20577
0.508 8.12984
0.508 8.11472
0.508 8.09013
0.508 8.09538
0.508 8.21294
0.508 8.0705
0.509 8.26132
0.509 8.18084
0.509 8.23193
0.509 8.28174
0.509 8.16998
0.509 8.0771
0.509 8.15257
0.509 8.1735
0.509 8.23592
0.509 8.22098
0.51 8.29631
0.51 8.31604
0.51 8.29084
0.51 8.2157
0.51 8.2701
0.51 8.26418
0.51 8.34957
0.51 8.2477
0.51 8.3097
0.51 8.24247
0.511 8.31777
0.511 8.30659
0.511 8.40128
0.511 8.34198
0.511 8.24692
0.511 8.30561
0.511 8.40612
0.511 8.32693
0.511 8.40916
0.511 8.32828
0.512 8.43711
0.512 8.4048
0.512 8.46593
0.512 8.36278
0.512 8.45367
0.512 8.37299
0.512 8.40676
0.512 8.53654
0.512 8.46443
0.512 8.46802
0.513 8.45166
0.513 8.45707