0.38 3.3384 0 0.00693103
0.381 3.33184 0 0.0101682
0.382 3.35784 0 0.00914736
0.383 3.38935 0 0.00896009
0.384 3.3948 0 0.00999749
0.385 3.43378 0 0.012938
0.386 3.43184 0 0.0102828
0.387 3.45367 0 0.0124827
0.388 3.47723 0 0.0114728
0.389 3.48206 0 0.00954231
0.39 3.51178 0 0.00758021
0.391 3.54984 0 0.0107924
0.392 3.54643 0 0.0109504
0.393 3.55955 0 0.0107855
0.394 3.58096 0 0.00909613
0.395 3.60617 0 0.0104242
0.396 3.64215 0 0.0100427
0.397 3.62673 0 0.00992574
0.398 3.67892 0 0.0129384
0.399 3.67915 0 0.0135676
0.4 3.70104 0 0.0093391
0.401 3.75433 0 0.0130203
0.402 3.78432 0 0.015004
0.403 3.75618 0 0.012383
0.404 3.78854 0 0.0114104
0.405 3.80685 0 0.0108499
0.406 3.83994 0 0.0113686
0.407 3.86235 0 0.0120709
0.408 3.89227 0 0.013163
0.409 3.91285 0 0.0115357
0.41 3.90567 0 0.0122011
0.411 3.92351 0 0.0146209
0.412 3.96904 0 0.0132791
0.413 3.99568 0 0.0134695
0.414 3.99498 0 0.0102869
0.415 4.08658 0 0.0149221
0.416 4.0331 0 0.0133861
0.417 4.0745 0 0.0150133
0.418 4.10743 0 0.0124416
0.419 4.12484 0 0.0175389
0.42 4.14561 0 0.0116619
0.421 4.17345 0 0.0111684
0.422 4.20734 0 0.0160923
0.423 4.23954 0 0.0164452
0.424 4.27622 0 0.0142923
0.425 4.27761 0 0.0185734
0.426 4.29581 0 0.0151285
0.427 4.35202 0 0.015197
0.428 4.34567 0 0.0175117
0.429 4.42646 0 0.0148972
0.43 4.42629 0 0.015235
0.431 4.43071 0 0.0156055
0.432 4.47355 0 0.0157536
0.433 4.48472 0 0.0117397
0.434 4.49431 0 0.0114397
0.435 4.52687 0 0.0167433
0.436 4.57637 0 0.0220745
0.437 4.62693 0 0.0152932
0.438 4.6512 0 0.0156126
0.439 4.6732 0 0.0175957
0.44 4.70925 0 0.0146863
0.441 4.70026 0 0.0190759
0.442 4.76013 0 0.0141408
0.443 4.80404 0 0.0190123
0.444 4.84297 0 0.0196303
0.445 4.89871 0 0.014593
0.446 4.86595 0 0.0166395
0.447 4.91864 0 0.0208475
0.448 4.99178 0 0.0214912
0.449 4.98575 0 0.017599
0.45 5.02487 0 0.0196618
0.451 5.07093 0 0.0200214
0.452 5.06821 0 0.0200129
0.453 5.10553 0 0.0201964
0.454 5.141 0 0.0187386
0.455 5.16763 0 0.0207619
0.456 5.21396 0 0.018195
0.457 5.23256 0 0.0190392
0.458 5.29409 0 0.0243525
0.459 5.32497 0 0.0225218
0.46 5.39325 0 0.0163476
0.461 5.38804 0 0.0218023
0.462 5.44188 0 0.021836
0.463 5.51525 0 0.0198642
0.464 5.54131 0 0.0230896
0.465 5.57707 0 0.0201107
0.466 5.622 0 0.0286742
0.467 5.62673 0 0.0240553
0.468 5.72378 0 0.0223104
0.469 5.76494 0 0.0224619
0.47 5.79906 0 0.0223336
0.471 5.80594 0 0.0247629
0.472 5.875 0 0.0259677
0.473 5.90967 0 0.0283262
0.474 5.92456 0 0.0265635
0.475 6.01438 0 0.0235131
0.476 6.04906 0 0.0262402
0.477 6.08828 0 0.0268829
0.478 6.10398 0 0.0255854
0.479 6.14834 0 0.0332779
0.48 6.22015 0 0.0220076
0.481 6.26254 0 0.0323214
0.482 6.34352 0 0.0245236
0.483 6.33002 0 0.0251486
0.484 6.36537 0 0.0330355
0.485 6.51334 0 0.024679
0.486 6.52655 0 0.0330736
0.487 6.54948 0 0.0321708
0.488 6.64079 0 0.0322486
0.489 6.66189 0 0.0295073
0.49 6.75329 0 0.0280534
0.491 6.73247 0 0.0258415
0.492 6.87208 0 0.0244934
0.493 6.91413 0 0.0423885
0.494 6.96336 0 0.0351049
0.495 6.97656 0 0.0376363
0.496 7.03231 0 0.0339854
0.497 7.08966 0 0.0319436
0.498 7.1639 0 0.0319234
0.499 7.27956 0 0.0287686
0.5 7.26411 0 0.0301109
0.501 7.35479 0 0.035069
0.502 7.36033 0 0.0408285
0.503 7.40292 0 0.0357076
0.504 7.56041 0 0.0392439
0.505 7.58302 0 0.0337894
0.506 7.66827 0 0.0433922
0.507 7.75666 0 0.0363363
0.508 7.79931 0 0.0369282
0.509 7.85637 0 0.0442484
0.51 7.94484 0 0.0371382
0.511 8.02537 0 0.040588
0.512 8.10277 0 0.0457648
0.513 8.19101 0 0.0439561
0.514 8.21811 0 0.0436575
0.515 8.34184 0 0.0380108
0.516 8.25347 0 0.0417298
0.517 8.41148 0 0.0425822
0.518 8.49108 0 0.045116
0.519 8.50065 0 0.0440574
0.52 8.66173 0 0.0407528
0.521 8.76473 0 0.0423078
0.522 8.83246 0 0.0572765
0.523 8.86238 0 0.0468737
0.524 8.882 0 0.0437808
0.525 9.0752 0 0.0468949
0.526 9.18548 0 0.0493906
0.527 9.27963 0 0.0534336
0.528 9.27238 0 0.0532406
0.529 9.37092 0 0.054459
0.53 9.4131 0 0.045709
0.531 9.56003 0 0.0619483
0.532 9.56759 0 0.0495142
0.533 9.60387 0 0.0495046
0.534 9.86262 0 0.047249
0.535 9.88141 0 0.0517909
0.536 10.1052 0 0.0523395
0.537 10.2181 0 0.0715234
0.538 10.2503 0 0.0521349
0.539 10.3305 0 0.0537329
0.54 10.3207 0 0.0434543
0.541 10.5273 0 0.0632564
0.542 10.657 0 0.0591623
0.543 10.7585 0 0.062762
0.544 10.6353 0 0.0553637
0.545 10.8281 0 0.0693741
0.546 10.9444 0 0.0535194
0.547 11.057 0 0.073504
0.548 11.0772 0 0.0711682
0.549 11.3335 0 0.0854612
0.55 11.4117 0 0.0607449
0.551 11.4979 0 0.0671107
0.552 11.4423 0 0.0778896
0.553 11.6832 0 0.0816578
0.554 11.7313 0 0.0824913
0.555 11.8417 0 0.0901872
0.556 11.9507 0 0.100949
0.557 12.1115 0 0.094422
0.558 12.1639 0 0.094314
0.559 12.3221 0 0.0894801
0.56 12.3331 0 0.0303758
0.561 12.5473 0 0.0294643
0.562 12.6113 0 0.029325
0.563 12.6799 0 0.0358068
0.564 12.7884 0 0.0362841
0.565 12.8598 0 0.0375883
0.566 12.9364 0 0.0366149
0.567 13.0696 0 0.0378666
0.568 13.1714 0 0.0418111
0.569 13.1721 0 0.0471241
0.57 13.2819 0 0.0377364
0.571 13.3028 0 0.0390194
0.572 13.3834 0 0.0419993
0.573 13.4303 0 0.0453457
0.574 13.4324 0 0.0492229
0.575 13.5391 0 0.0473272
0.576 13.481 0 0.0549368
0.577 13.625 0 0.0548106
0.578 13.5418 0 0.0597043
0.579 13.4221 0 0.0647303
0.58 13.5458 0 0.0682031
0.581 13.3256 0 0.074227
0.582 13.6359 0 0.0748197
0.583 13.4805 0 0.080673
0.584 13.1832 0 0.0896351
0.585 13.2526 0 0.0911283
0.586 12.9072 0 0.101294
0.587 12.8661 0 0.102425
0.588 12.8726 0 0.107181
0.589 12.4857 0 0.11127
0.59 12.1052 0 0.120004
0.591 12.0766 0 0.120931
0.592 11.7966 0 0.125957
0.593 11.7371 0 0.128841
0.594 11.3525 0 0.128412
0.595 10.9567 0 0.12898
0.596 10.8239 0 0.142331
0.597 10.3299 0 0.139553
0.598 10.084 0 0.140345
0.599 9.93276 0 0.146246
0.6 9.63195 0 0.14189
0.601 9.21447 0 0.140757
0.602 8.64543 0 0.136955
0.603 8.53986 0 0.139323
0.604 8.25176 0 0.131377
0.605 7.82264 0 0.130478
0.606 7.519 0 0.120356
0.607 7.29367 0 0.131084
0.608 7.09032 0 0.122912
0.609 6.74609 0 0.11256
0.61 6.5427 0 0.183847
0.611 6.33704 0 0.188977
0.612 6.27247 0 0.19068
0.613 5.86163 0 0.159667
0.614 5.5594 0 0.142067
0.615 5.32785 0 0.120992
0.616 5.18869 0 0.117384
0.617 5.23656 0 0.138604
0.618 4.95086 0 0.10372
0.619 4.9061 0 0.118713
