0.38 3.36319 0 0.00995658
0.381 3.3767 0 0.00535659
0.382 3.3897 0 0.00459241
0.383 3.4074 0 0.0104258
0.384 3.44534 0 0.00807102
0.385 3.45782 0 0.00768383
0.386 3.46441 0 0.00837212
0.387 3.48838 0 0.00668466
0.388 3.51203 0 0.00572277
0.389 3.52672 0 0.00994658
0.39 3.55634 0 0.0077795
0.391 3.55804 0 0.00923736
0.392 3.58918 0 0.00646401
0.393 3.61006 0 0.00879791
0.394 3.62898 0 0.0119266
0.395 3.64309 0 0.00671431
0.396 3.65761 0 0.00741386
0.397 3.68613 0 0.00657391
0.398 3.70127 0 0.00921402
0.399 3.74171 0 0.0115897
0.4 3.74772 0 0.00840018
0.401 3.77753 0 0.00722455
0.402 3.79963 0 0.0143298
0.403 3.80761 0 0.00893094
0.404 3.82404 0 0.00973264
0.405 3.86237 0 0.00903461
0.406 3.88895 0 0.00882814
0.407 3.8995 0 0.0129495
0.408 3.9198 0 0.00638397
0.409 3.94439 0 0.00919333
0.41 3.96692 0 0.00695625
0.411 3.98083 0 0.00721945
0.412 3.99402 0 0.0111164
0.413 4.05145 0 0.00798733
0.414 4.07074 0 0.00883348
0.415 4.08885 0 0.00713688
0.416 4.10744 0 0.00741714
0.417 4.14691 0 0.0126727
0.418 4.1584 0 0.00710472
0.419 4.19712 0 0.00746024
0.42 4.21951 0 0.0094796
0.421 4.21889 0 0.0116083
0.422 4.25544 0 0.00832287
0.423 4.29017 0 0.00963613
0.424 4.33143 0 0.00903535
0.425 4.33963 0 0.00953524
0.426 4.33899 0 0.00699023
0.427 4.38855 0 0.0134439
0.428 4.4079 0 0.0145254
0.429 4.45265 0 0.0158347
0.43 4.50797 0 0.0174348
0.431 4.5055 0 0.0120333
0.432 4.5217 0 0.0163686
0.433 4.56765 0 0.00794935
0.434 4.58802 0 0.0133695
0.435 4.62577 0 0.0111301
0.436 4.63152 0 0.0142739
0.437 4.68933 0 0.0079396
0.438 4.71622 0 0.0138709
0.439 4.74627 0 0.0128923
0.44 4.76303 0 0.00704218
0.441 4.8287 0 0.0149207
0.442 4.84123 0 0.0122935
0.443 4.83501 0 0.0155558
0.444 4.91297 0 0.0119511
0.445 4.93573 0 0.0149662
0.446 4.97687 0 0.0124418
0.447 4.96539 0 0.0104399
0.448 5.0381 0 0.0235035
0.449 5.07449 0 0.0195434
0.45 5.09937 0 0.0143869
0.451 5.14165 0 0.0137928
0.452 5.15582 0 0.0151212
0.453 5.20546 0 0.0186956
0.454 5.26065 0 0.0115748
0.455 5.29087 0 0.0140074
0.456 5.31322 0 0.0160367
0.457 5.35099 0 0.0236399
0.458 5.3884 0 0.0203529
0.459 5.43271 0 0.0127422
0.46 5.46428 0 0.0183587
0.461 5.49514 0 0.019776
0.462 5.56366 0 0.0212007
0.463 5.60684 0 0.0117717
0.464 5.62811 0 0.0103369
0.465 5.66185 0 0.0175802
0.466 5.70437 0 0.0131022
0.467 5.75402 0 0.0225412
0.468 5.79775 0 0.0152771
0.469 5.85278 0 0.0188159
0.47 5.89103 0 0.0168931
0.471 5.92313 0 0.0186744
0.472 5.98265 0 0.0164842
0.473 6.05311 0 0.0199826
0.474 6.08791 0 0.0208107
0.475 6.11159 0 0.0258585
0.476 6.14771 0 0.0166265
0.477 6.19754 0 0.0132534
0.478 6.25313 0 0.0191631
0.479 6.34764 0 0.0157193
0.48 6.37133 0 0.0168932
0.481 6.40144 0 0.0282493
0.482 6.44859 0 0.022227
0.483 6.49968 0 0.0152969
0.484 6.57165 0 0.017172
0.485 6.61806 0 0.0122651
0.486 6.65285 0 0.0260907
0.487 6.72746 0 0.0252712
0.488 6.75747 0 0.0183997
0.489 6.80039 0 0.0273225
0.49 6.87492 0 0.025453
0.491 6.94869 0 0.0276969
0.492 6.94883 0 0.0189191
0.493 7.09842 0 0.0195646
0.494 7.15945 0 0.0308738
0.495 7.21091 0 0.0327183
0.496 7.21873 0 0.0193233
0.497 7.26144 0 0.0169712
0.498 7.37852 0 0.0210948
0.499 7.45807 0 0.0299712
0.5 7.47617 0 0.017083
0.501 7.59167 0 0.0296031
0.502 7.61689 0 0.018349
0.503 7.68748 0 0.0334143
0.504 7.76885 0 0.0312331
0.505 7.8053 0 0.0306938
0.506 7.92735 0 0.027243
0.507 7.98609 0 0.0197713
0.508 8.03764 0 0.0141919
0.509 8.13002 0 0.0325494
0.51 8.2191 0 0.0217564
0.511 8.31713 0 0.0367752
0.512 8.32332 0 0.0321307
0.513 8.44539 0 0.0277984
0.514 8.45961 0 0.0177501
0.515 8.61224 0 0.0427758
0.516 8.72612 0 0.0419259
0.517 8.73537 0 0.0428582
0.518 8.76561 0 0.0360017
0.519 8.80817 0 0.0375049
0.52 9.04664 0 0.0424712
0.521 9.11113 0 0.0241971
0.522 9.166 0 0.0471942
0.523 9.20836 0 0.0292382
0.524 9.27349 0 0.0244432
0.525 9.43637 0 0.0294476
0.526 9.58673 0 0.0318256
0.527 9.58121 0 0.0282288
0.528 9.73996 0 0.025469
0.529 9.8077 0 0.0407219
0.53 9.90185 0 0.0282427
0.531 9.99775 0 0.0369426
0.532 10.1269 0 0.0413081
0.533 10.1992 0 0.0343473
0.534 10.3478 0 0.0383427
0.535 10.3926 0 0.0491912
0.536 10.501 0 0.0446535
0.537 10.6255 0 0.0357291
0.538 10.6651 0 0.0376841
0.539 10.877 0 0.037096
0.54 11.0292 0 0.0327613
0.541 11.0168 0 0.0322494
0.542 11.1414 0 0.0263612
0.543 11.1914 0 0.0388542
0.544 11.4163 0 0.0451228
0.545 11.5291 0 0.0451427
0.546 11.6331 0 0.040146
0.547 11.771 0 0.0639671
0.548 11.8181 0 0.0386479
0.549 12.0867 0 0.0747948
0.55 12.1809 0 0.0474112
0.551 12.3306 0 0.0462205
0.552 12.4396 0 0.0375357
0.553 12.5863 0 0.0454088
0.554 12.6368 0 0.0729235
0.555 12.7323 0 0.0883287
0.556 13.0095 0 0.0642002
0.557 13.0998 0 0.042004
0.558 13.2848 0 0.0613961
0.559 13.4741 0 0.0400476
0.56 13.5677 0 0.0929011
0.561 13.607 0 0.0643131
0.562 13.7683 0 0.0616378
0.563 13.9279 0 0.0591147
0.564 14.1936 0 0.0697991
0.565 14.3503 0 0.0523998
0.566 14.1229 0 0.0880506
0.567 14.5673 0 0.0958744
0.568 14.6407 0 0.064917
0.569 14.9161 0 0.0564664
0.57 14.9505 0 0.0269543
0.571 15.0686 0 0.0348694
0.572 15.2114 0 0.036199
0.573 15.3133 0 0.0366526
0.574 15.4354 0 0.0351236
0.575 15.594 0 0.0415032
0.576 15.625 0 0.0487022
0.577 15.7743 0 0.0566786
0.578 15.8058 0 0.0555616
0.579 15.8936 0 0.06597
0.58 16.0129 0 0.0604007
0.581 16.0801 0 0.0761456
0.582 15.8728 0 0.101015
0.583 15.9331 0 0.101515
0.584 15.9121 0 0.117456
0.585 15.7371 0 0.130714
0.586 15.674 0 0.152709
0.587 15.6383 0 0.138727
0.588 15.0462 0 0.203891
0.589 14.6884 0 0.202426
0.59 14.1623 0 0.234792
0.591 13.4944 0 0.249787
0.592 13.6832 0 0.268312
0.593 12.6608 0 0.281995
0.594 12.1858 0 0.278923
0.595 11.6 0 0.265766
0.596 10.7678 0 0.252311
0.597 10.4578 0 0.26878
0.598 9.7457 0 0.259957
0.599 9.10134 0 0.257082
0.6 8.03725 0 0.562332
0.601 7.31792 0 0.532172
0.602 6.79879 0 0.420281
0.603 7.62193 0 0.890514
0.604 6.50282 0 0.351959
0.605 5.85153 0 0.440875
0.606 5.88234 0 0.198952
0.607 5.7424 0 0.318627
0.608 6.1206 0 0.502161
0.609 5.15977 0 0.222942
