0.2 1.64145 0 0.00186055
0.21 1.69441 0 0.0022558
0.22 1.74928 0 0.00124961
0.23 1.81116 0 0.00167377
0.24 1.86959 0 0.00165353
0.25 1.93753 0 0.00367175
0.26 2.00783 0 0.00267422
0.27 2.08389 0 0.00179121
0.28 2.16005 0 0.00187557
0.29 2.24425 0 0.00304081
0.3 2.34155 0 0.00194634
0.31 2.43421 0 0.00215389
0.32 2.5378 0 0.00200198
0.33 2.65388 0 0.00160445
0.34 2.77302 0 0.003039
0.35 2.90962 0 0.00397959
0.36 3.05112 0 0.0037526
0.37 3.20288 0 0.00523541
0.38 3.37732 0 0.00429692
0.39 3.5549 0 0.00648302
0.4 3.7566 0 0.00524566
0.41 3.99174 0 0.0083726
0.42 4.21932 0 0.00462764
0.43 4.48405 0 0.00361554
0.44 4.80743 0 0.00192877
0.45 5.14357 0 0.00584698
0.46 5.51196 0 0.00898854
0.47 5.91532 0 0.011014
0.48 6.38907 0 0.0146349
0.49 6.89433 0 0.0120933
0.5 7.56436 0 0.0061684
0.501 7.62565 0 0.0152919
0.502 7.7072 0 0.0141762
0.503 7.76496 0 0.0101143
0.504 7.80336 0 0.0154088
0.505 7.89665 0 0.0133709
0.506 7.9648 0 0.0130226
0.507 8.04749 0 0.0133514
0.508 8.14536 0 0.0162558
0.509 8.19859 0 0.0190018
0.51 8.28422 0 0.00787369
0.511 8.33906 0 0.0165565
0.512 8.4373 0 0.0164296
0.513 8.45436 0 0.002705
0.514 8.60274 0 0.0135687
0.515 8.63204 0 0.0148188
0.516 8.7201 0 0.0252223
0.517 8.8391 0 0.0220216
0.518 8.91644 0 0.023332
0.519 9.03031 0 0.00601662
0.52 9.07018 0 0.0104788
0.521 9.21465 0 0.00951242
0.522 9.2418 0 0.0275534
0.523 9.3514 0 0.0235165
0.524 9.41221 0 0.0190568
0.525 9.57253 0 0.0135678
0.526 9.64513 0 0.0392392
0.527 9.80346 0 0.0320932
0.528 9.82461 0 0.0107296
0.529 9.89507 0 0.028437
0.53 10.037 0 0.0125615
0.531 10.1724 0 0.0361248
0.532 10.1849 0 0.0249146
0.533 10.3713 0 0.0120602
0.534 10.4738 0 0.0323619
0.535 10.5154 0 0.0071516
0.536 10.7122 0 0.0329348
0.537 10.7815 0 0.026841
0.538 10.8444 0 0.0163523
0.539 10.9988 0 0.0372559
0.54 11.1446 0 0.0181876
0.541 11.2649 0 0.0403802
0.542 11.3437 0 0.027738
0.543 11.5242 0 0.0276904
0.544 11.6545 0 0.0205005
0.545 11.7804 0 0.0290326
0.546 11.8924 0 0.0290031
0.547 12.0085 0 0.0136544
0.548 12.1722 0 0.0482841
0.549 12.1976 0 0.018643
0.55 12.4104 0 0.0192939
0.551 12.5919 0 0.0267524
0.552 12.7589 0 0.0488833
0.553 12.9157 0 0.0638449
0.554 13.012 0 0.0761554
0.555 13.1846 0 0.018333
0.556 13.3663 0 0.0547506
0.557 13.4671 0 0.0577545
0.558 13.6554 0 0.0398604
0.559 13.828 0 0.0363785
0.56 14.0032 0 0.0223993
0.561 14.185 0 0.06712
0.562 14.3816 0 0.0593243
0.563 14.5724 0 0.057277
0.564 14.6678 0 0.0320237
0.565 14.8287 0 0.085556
0.566 15.074 0 0.0549357
0.567 15.2674 0 0.043314
0.568 15.3685 0 0.0347634
0.569 15.6677 0 0.0889077
0.57 15.8483 0 0.023574
0.571 16.0992 0 0.0917352
0.572 16.1121 0 0.0560018
0.573 16.4795 0 0.0688151
0.574 16.7167 0 0.0836461
0.575 16.9204 0 0.0678517
0.576 17.1234 0 0.0562294
0.577 17.2042 0 0.0867143
0.578 17.384 0 0.0839258
0.579 17.7514 0 0.0754914
0.58 17.9424 0 0.0303746
0.581 18.1906 0 0.0584726
0.582 18.4122 0 0.0872384
0.583 18.7313 0 0.0587418
0.584 18.9321 0 0.0351423
0.585 19.0133 0 0.0593334
0.586 19.3494 0 0.0881816
0.587 19.681 0 0.143927
0.588 20.0745 0 0.0375888
0.589 20.1952 0 0.0481327
0.59 20.4519 0 0.0319028
0.591 20.7136 0 0.0476856
0.592 20.9821 0 0.0460129
0.593 21.2784 0 0.060959
0.594 21.5544 0 0.0532079
0.595 21.8686 0 0.0547007
0.596 22.1258 0 0.104084
0.597 22.5048 0 0.0487218
0.598 22.6912 0 0.0410862
0.599 23.0687 0 0.074936
0.6 23.2469 0 0.0423563
0.601 23.6389 0 0.0684655
0.602 24.0728 0 0.0742367
0.603 24.2792 0 0.069211
0.604 24.6951 0 0.0496383
0.605 24.9683 0 0.0560533
0.606 25.1644 0 0.0961276
0.607 25.6549 0 0.0467111
