1 82892 0 287.91
2 24546 0 156.672
3 14438 0 120.158
4 8835 0 93.9947
5 5906 0 76.8505
6.00001 4067 0 63.773
7.00001 3022 0 54.9727
8.00001 2072 0 45.5192
9.00001 1525 0 39.0512
10 1161 0 34.0735
11 889 0 29.8161
12 682 0 26.1151
13 517 0 22.7376
14 439 0 20.9523
15 296 0 17.2047
16 272 0 16.4924
17 199 0 14.1067
18 173 0 13.1529
19 101 0 10.0499
20 89 0 9.43398
21 74 0 8.60233
22 59 0 7.68115
23 50 0 7.07107
24 39 0 6.245
25 33 0 5.74456
26 31 0 5.56776
27 23 0 4.79583
28 17 0 4.12311
29 11 0 3.31662
30 11 0 3.31662
31 7 0 2.64575
32 3 0 1.73205
33 11 0 3.31662
34 8 0 2.82843
35 2 0 1.41421
36 2 0 1.41421
38 2 0 1.41421
39 2 0 1.41421
40 3 0 1.73205
41 2 0 1.41421
44 1 0 1
46 2 0 1.41421
47 2 0 1.41421
54.0001 1 0 1
58.0001 1 0 1
