1 18164 0 134.774
2 3725 0 61.0328
3 2217 0 47.085
4 1495 0 38.6652
5 1005 0 31.7017
6.00001 758 0 27.5318
7.00001 540 0 23.2379
8.00001 401 0 20.025
9.00001 356 0 18.868
10 300 0 17.3205
11 223 0 14.9332
12 204 0 14.2829
13 201 0 14.1774
14 168 0 12.9615
15 160 0 12.6491
16 122 0 11.0454
17 118 0 10.8628
18 108 0 10.3923
19 107 0 10.3441
20 80 0 8.94427
21 71 0 8.42615
22 64 0 8
23 61 0 7.81025
24 55 0 7.4162
25 50 0 7.07107
26 55 0 7.4162
27 50 0 7.07107
28 53 0 7.28011
29 40 0 6.32456
30 34 0 5.83095
31 35 0 5.91608
32 34 0 5.83095
33 42 0 6.48074
34 26 0 5.09902
35 18 0 4.24264
36 27 0 5.19615
37 33 0 5.74456
38 28 0 5.2915
39 31 0 5.56776
40 23 0 4.79583
41 28 0 5.2915
42 23 0 4.79583
43 17 0 4.12311
44 20 0 4.47214
45 17 0 4.12311
46 21 0 4.58258
47 16 0 4
48 16 0 4
49 23 0 4.79583
50 16 0 4
51.0001 16 0 4
52.0001 13 0 3.60555
53.0001 14 0 3.74166
54.0001 14 0 3.74166
55.0001 8 0 2.82843
56.0001 12 0 3.4641
57.0001 11 0 3.31662
58.0001 11 0 3.31662
59.0001 12 0 3.4641
60.0001 10 0 3.16228
61.0001 9 0 3
62.0001 13 0 3.60555
63.0001 13 0 3.60555
64.0001 10 0 3.16228
65.0001 9 0 3
66.0001 7 0 2.64575
67.0001 3 0 1.73205
68.0001 7 0 2.64575
69.0001 5 0 2.23607
70.0001 8 0 2.82843
71.0001 9 0 3
72.0001 6 0 2.44949
73.0001 7 0 2.64575
74.0001 4 0 2
75.0001 13 0 3.60555
76.0001 5 0 2.23607
77.0001 6 0 2.44949
78.0001 5 0 2.23607
79.0001 5 0 2.23607
80.0001 4 0 2
81.0001 4 0 2
82.0001 10 0 3.16228
83.0001 10 0 3.16228
84.0001 5 0 2.23607
85.0001 6 0 2.44949
86.0001 5 0 2.23607
87.0001 7 0 2.64575
88.0001 4 0 2
89.0001 9 0 3
90.0001 8 0 2.82843
91.0001 5 0 2.23607
92.0001 3 0 1.73205
93.0001 4 0 2
94.0001 4 0 2
95.0001 7 0 2.64575
96.0001 4 0 2
97.0001 4 0 2
98.0001 5 0 2.23607
99.0001 4 0 2
100 2 0 1.41421
101 6 0 2.44949
102 1 0 1
103 4 0 2
104 3 0 1.73205
105 3 0 1.73205
106 5 0 2.23607
107 1 0 1
108 7 0 2.64575
109 6 0 2.44949
110 4 0 2
111 2 0 1.41421
112 2 0 1.41421
113 4 0 2
114 2 0 1.41421
115 6 0 2.44949
116 5 0 2.23607
117 8 0 2.82843
118 5 0 2.23607
119 4 0 2
121 3 0 1.73205
122 5 0 2.23607
123 3 0 1.73205
124 3 0 1.73205
125 6 0 2.44949
126 2 0 1.41421
127 1 0 1
129 4 0 2
130 3 0 1.73205
131 2 0 1.41421
132 3 0 1.73205
133 2 0 1.41421
134 1 0 1
137 4 0 2
138 2 0 1.41421
139 2 0 1.41421
140 3 0 1.73205
141 1 0 1
142 3 0 1.73205
143 3 0 1.73205
144 1 0 1
145 3 0 1.73205
146 2 0 1.41421
148 2 0 1.41421
151 3 0 1.73205
152 3 0 1.73205
153 3 0 1.73205
154 3 0 1.73205
155 2 0 1.41421
156 1 0 1
157 6 0 2.44949
158 1 0 1
159 1 0 1
160 3 0 1.73205
162 5 0 2.23607
163 2 0 1.41421
164 1 0 1
165 1 0 1
166 1 0 1
167 1 0 1
168 1 0 1
169 1 0 1
170 1 0 1
171 3 0 1.73205
172 2 0 1.41421
173 3 0 1.73205
175 2 0 1.41421
176 2 0 1.41421
177 2 0 1.41421
178 1 0 1
180 1 0 1
181 6 0 2.44949
182 3 0 1.73205
184 3 0 1.73205
186 2 0 1.41421
187 2 0 1.41421
189 1 0 1
190 2 0 1.41421
191 1 0 1
193 1 0 1
194 2 0 1.41421
195 1 0 1
196 2 0 1.41421
198 1 0 1
199 1 0 1
202 3 0 1.73205
205 2 0 1.41421
206 2 0 1.41421
207 3 0 1.73205
208 3 0 1.73205
209 1 0 1
210 2 0 1.41421
211 1 0 1
212 4 0 2
217 2 0 1.41421
218 2 0 1.41421
222 1 0 1
224 1 0 1
225 1 0 1
226 1 0 1
228 1 0 1
229 2 0 1.41421
230 1 0 1
231 1 0 1
232 3 0 1.73205
236 2 0 1.41421
241 1 0 1
243 2 0 1.41421
244 2 0 1.41421
245 1 0 1
246 1 0 1
248 1 0 1
249 1 0 1
250 1 0 1
252 1 0 1
254 1 0 1
255 2 0 1.41421
256 1 0 1
259 2 0 1.41421
260 3 0 1.73205
261 1 0 1
262 1 0 1
263 1 0 1
264 2 0 1.41421
265 1 0 1
266 1 0 1
267 3 0 1.73205
268 1 0 1
269 2 0 1.41421
270 2 0 1.41421
271 1 0 1
275 2 0 1.41421
276 2 0 1.41421
277 1 0 1
280 2 0 1.41421
287 1 0 1
289 1 0 1
290 2 0 1.41421
292 2 0 1.41421
295 2 0 1.41421
296 1 0 1
297 2 0 1.41421
298 1 0 1
299 2 0 1.41421
303 2 0 1.41421
307 1 0 1
311 1 0 1
312 2 0 1.41421
314 1 0 1
316 1 0 1
318 1 0 1
320 1 0 1
322 1 0 1
325 1 0 1
330 1 0 1
332 1 0 1
336 1 0 1
337 2 0 1.41421
338 1 0 1
339 1 0 1
340 1 0 1
341 1 0 1
345 1 0 1
346 1 0 1
347 1 0 1
349 1 0 1
354 2 0 1.41421
356 1 0 1
360 1 0 1
362 1 0 1
363 1 0 1
367 1 0 1
368 1 0 1
373 2 0 1.41421
376 1 0 1
383 1 0 1
389 1 0 1
390 1 0 1
394 1 0 1
397 1 0 1
398 1 0 1
400 1 0 1
403 1 0 1
409 2 0 1.41421
417 1 0 1
420 1 0 1
423 1 0 1
425 1 0 1
434 1 0 1
446 2 0 1.41421
447 1 0 1
449 1 0 1
451 1 0 1
453 2 0 1.41421
454 1 0 1
460 1 0 1
461 1 0 1
467 1 0 1
469 2 0 1.41421
471 1 0 1
475 1 0 1
476 1 0 1
480 1 0 1
489 1 0 1
492 1 0 1
496 1 0 1
497 1 0 1
498 1 0 1
504.001 1 0 1
509.001 1 0 1
510.001 1 0 1
513.001 1 0 1
514.001 1 0 1
520.001 1 0 1
521.001 1 0 1
524.001 2 0 1.41421
532.001 1 0 1
537.001 1 0 1
539.001 1 0 1
546.001 1 0 1
563.001 2 0 1.41421
566.001 1 0 1
582.001 2 0 1.41421
586.001 1 0 1
588.001 1 0 1
591.001 2 0 1.41421
593.001 1 0 1
599.001 2 0 1.41421
602.001 2 0 1.41421
610.001 1 0 1
612.001 1 0 1
613.001 1 0 1
617.001 1 0 1
618.001 1 0 1
640.001 1 0 1
643.001 1 0 1
644.001 1 0 1
648.001 1 0 1
651.001 1 0 1
653.001 1 0 1
662.001 1 0 1
663.001 1 0 1
670.001 1 0 1
679.001 1 0 1
693.001 1 0 1
700.001 1 0 1
701.001 1 0 1
707.001 1 0 1
712.001 1 0 1
720.001 1 0 1
736.001 1 0 1
742.001 1 0 1
744.001 1 0 1
747.001 1 0 1
790.001 1 0 1
800.001 1 0 1
819.001 1 0 1
823.001 1 0 1
828.001 1 0 1
834.001 2 0 1.41421
837.001 1 0 1
840.001 1 0 1
841.001 1 0 1
850.001 1 0 1
885.001 1 0 1
889.001 1 0 1
896.001 1 0 1
900.001 1 0 1
917.001 1 0 1
924.001 1 0 1
993.001 1 0 1
1015 1 0 1
1019 1 0 1
1026 1 0 1
1067 1 0 1
1081 1 0 1
1083 1 0 1
1088 1 0 1
1112 1 0 1
1129 1 0 1
1146 1 0 1
1155 1 0 1
1164 1 0 1
1172 1 0 1
1210 1 0 1
1216 1 0 1
1256 1 0 1
1284 1 0 1
1321 1 0 1
1331 1 0 1
1402 1 0 1
1510 1 0 1
1514 1 0 1
1524 1 0 1
1577 1 0 1
1582 1 0 1
1639 1 0 1
1652 1 0 1
1714 1 0 1
1788 1 0 1
1818 1 0 1
1855 1 0 1
1879 1 0 1
1918 1 0 1
1933 1 0 1
1942 1 0 1
2021 1 0 1
2085 1 0 1
2169 1 0 1
2184 1 0 1
2246 1 0 1
2251 1 0 1
2253 1 0 1
2273 1 0 1
2295 1 0 1
2312 1 0 1
2318 1 0 1
2380 1 0 1
2549 1 0 1
2717 1 0 1
2769 1 0 1
2793 1 0 1
2999 1 0 1
3211 1 0 1
3395 1 0 1
3509 1 0 1
3694 1 0 1
3841 1 0 1
3939 1 0 1
3994 1 0 1
4042 1 0 1
4137 1 0 1
4455 1 0 1
4648 1 0 1
4666 1 0 1
4775 1 0 1
4886 1 0 1
5094.01 1 0 1
5487.01 1 0 1
5737.01 1 0 1
5751.01 1 0 1
5860.01 1 0 1
5956.01 1 0 1
6213.01 1 0 1
6495.01 1 0 1
7267.01 1 0 1
7332.01 1 0 1
7471.01 1 0 1
8090.01 1 0 1
8772.01 1 0 1
9275.01 1 0 1
10739 1 0 1
10802 1 0 1
12657 1 0 1
13419 1 0 1
17107 1 0 1
