1 58292 0 241.437
2 16218 0 127.35
3 10203 0 101.01
4 6960 0 83.4266
5 4978 0 70.5549
6.00001 3741 0 61.1637
7.00001 2935 0 54.1756
8.00001 2311 0 48.0729
9.00001 1954 0 44.2041
10 1613 0 40.1622
11 1355 0 36.8103
12 1153 0 33.9559
13 1002 0 31.6544
14 844 0 29.0517
15 716 0 26.7582
16 650 0 25.4951
17 555 0 23.5584
18 488 0 22.0907
19 444 0 21.0713
20 413 0 20.3224
21 326 0 18.0555
22 289 0 17
23 262 0 16.1864
24 235 0 15.3297
25 231 0 15.1987
26 198 0 14.0712
27 184 0 13.5647
28 175 0 13.2288
29 157 0 12.53
30 158 0 12.5698
31 142 0 11.9164
32 116 0 10.7703
33 107 0 10.3441
34 116 0 10.7703
35 97 0 9.84886
36 81 0 9
37 73 0 8.544
38 59 0 7.68115
39 55 0 7.4162
40 60 0 7.74597
41 64 0 8
42 58 0 7.61577
43 44 0 6.63325
44 42 0 6.48074
45 41 0 6.40312
46 44 0 6.63325
47 38 0 6.16441
48 27 0 5.19615
49 31 0 5.56776
50 21 0 4.58258
51.0001 25 0 5
52.0001 22 0 4.69042
53.0001 24 0 4.89898
54.0001 24 0 4.89898
55.0001 16 0 4
56.0001 8 0 2.82843
57.0001 12 0 3.4641
58.0001 15 0 3.87298
59.0001 9 0 3
60.0001 17 0 4.12311
61.0001 6 0 2.44949
62.0001 8 0 2.82843
63.0001 7 0 2.64575
64.0001 7 0 2.64575
65.0001 9 0 3
66.0001 11 0 3.31662
67.0001 9 0 3
68.0001 8 0 2.82843
69.0001 9 0 3
70.0001 7 0 2.64575
71.0001 5 0 2.23607
72.0001 9 0 3
73.0001 5 0 2.23607
74.0001 4 0 2
75.0001 3 0 1.73205
76.0001 4 0 2
77.0001 3 0 1.73205
78.0001 4 0 2
79.0001 4 0 2
80.0001 4 0 2
81.0001 5 0 2.23607
82.0001 3 0 1.73205
83.0001 3 0 1.73205
84.0001 5 0 2.23607
85.0001 1 0 1
86.0001 1 0 1
87.0001 3 0 1.73205
88.0001 3 0 1.73205
89.0001 2 0 1.41421
90.0001 3 0 1.73205
91.0001 4 0 2
92.0001 1 0 1
93.0001 3 0 1.73205
94.0001 1 0 1
95.0001 1 0 1
96.0001 2 0 1.41421
97.0001 2 0 1.41421
98.0001 1 0 1
99.0001 1 0 1
101 1 0 1
102 2 0 1.41421
103 1 0 1
104 1 0 1
105 1 0 1
107 1 0 1
108 2 0 1.41421
113 1 0 1
114 1 0 1
115 1 0 1
117 1 0 1
121 1 0 1
123 1 0 1
124 2 0 1.41421
136 1 0 1
138 1 0 1
139 1 0 1
201 1 0 1
