1 44348 0 210.59
2 11874 0 108.968
3 7629 0 87.3441
4 5024 0 70.8802
5 3723 0 61.0164
6.00001 2781 0 52.7352
7.00001 2251 0 47.4447
8.00001 1701 0 41.2432
9.00001 1552 0 39.3954
10 1292 0 35.9444
11 1161 0 34.0735
12 1000 0 31.6228
13 850 0 29.1548
14 724 0 26.9072
15 695 0 26.3629
16 590 0 24.2899
17 506 0 22.4944
18 427 0 20.664
19 426 0 20.6398
20 385 0 19.6214
21 359 0 18.9473
22 336 0 18.3303
23 266 0 16.3095
24 291 0 17.0587
25 280 0 16.7332
26 279 0 16.7033
27 255 0 15.9687
28 219 0 14.7986
29 205 0 14.3178
30 173 0 13.1529
31 185 0 13.6015
32 146 0 12.083
33 144 0 12
34 138 0 11.7473
35 149 0 12.2066
36 138 0 11.7473
37 125 0 11.1803
38 123 0 11.0905
39 103 0 10.1489
40 104 0 10.198
41 95 0 9.74679
42 84 0 9.16515
43 96 0 9.79796
44 95 0 9.74679
45 87 0 9.32738
46 71 0 8.42615
47 83 0 9.11043
48 68 0 8.24621
49 78 0 8.83176
50 56 0 7.48331
51.0001 65 0 8.06226
52.0001 46 0 6.78233
53.0001 47 0 6.85565
54.0001 51 0 7.14143
55.0001 43 0 6.55744
56.0001 42 0 6.48074
57.0001 38 0 6.16441
58.0001 46 0 6.78233
59.0001 43 0 6.55744
60.0001 49 0 7
61.0001 39 0 6.245
62.0001 45 0 6.7082
63.0001 35 0 5.91608
64.0001 32 0 5.65685
65.0001 32 0 5.65685
66.0001 27 0 5.19615
67.0001 23 0 4.79583
68.0001 24 0 4.89898
69.0001 34 0 5.83095
70.0001 25 0 5
71.0001 21 0 4.58258
72.0001 21 0 4.58258
73.0001 25 0 5
74.0001 30 0 5.47723
75.0001 25 0 5
76.0001 19 0 4.3589
77.0001 21 0 4.58258
78.0001 26 0 5.09902
79.0001 16 0 4
80.0001 15 0 3.87298
81.0001 15 0 3.87298
82.0001 14 0 3.74166
83.0001 14 0 3.74166
84.0001 14 0 3.74166
85.0001 16 0 4
86.0001 9 0 3
87.0001 15 0 3.87298
88.0001 8 0 2.82843
89.0001 12 0 3.4641
90.0001 17 0 4.12311
91.0001 10 0 3.16228
92.0001 18 0 4.24264
93.0001 9 0 3
94.0001 5 0 2.23607
95.0001 12 0 3.4641
96.0001 10 0 3.16228
97.0001 9 0 3
98.0001 11 0 3.31662
99.0001 8 0 2.82843
100 7 0 2.64575
101 9 0 3
102 8 0 2.82843
103 8 0 2.82843
104 8 0 2.82843
105 4 0 2
106 8 0 2.82843
107 8 0 2.82843
108 3 0 1.73205
109 7 0 2.64575
110 4 0 2
111 9 0 3
112 6 0 2.44949
113 10 0 3.16228
114 7 0 2.64575
115 4 0 2
116 5 0 2.23607
117 3 0 1.73205
118 6 0 2.44949
119 5 0 2.23607
120 4 0 2
121 4 0 2
122 6 0 2.44949
123 1 0 1
124 5 0 2.23607
125 2 0 1.41421
126 1 0 1
127 3 0 1.73205
129 2 0 1.41421
130 5 0 2.23607
131 2 0 1.41421
132 3 0 1.73205
135 5 0 2.23607
136 3 0 1.73205
138 1 0 1
139 2 0 1.41421
140 1 0 1
141 4 0 2
142 1 0 1
143 4 0 2
144 1 0 1
145 2 0 1.41421
146 2 0 1.41421
148 3 0 1.73205
150 3 0 1.73205
151 1 0 1
152 2 0 1.41421
154 1 0 1
155 1 0 1
157 1 0 1
160 5 0 2.23607
163 1 0 1
164 1 0 1
166 1 0 1
167 1 0 1
168 1 0 1
169 1 0 1
171 1 0 1
174 2 0 1.41421
176 1 0 1
177 1 0 1
178 2 0 1.41421
180 1 0 1
182 1 0 1
184 2 0 1.41421
185 1 0 1
186 1 0 1
187 1 0 1
189 1 0 1
191 1 0 1
192 1 0 1
197 1 0 1
200 1 0 1
201 1 0 1
202 2 0 1.41421
203 2 0 1.41421
214 1 0 1
216 1 0 1
217 1 0 1
221 1 0 1
225 1 0 1
235 1 0 1
237 1 0 1
238 1 0 1
241 1 0 1
242 1 0 1
275 1 0 1
295 1 0 1
329 1 0 1
340 1 0 1
405 1 0 1
