1 75808 0 275.333
2 22390 0 149.633
3 13616 0 116.688
4 8755 0 93.5682
5 6001 0 77.4661
6.00001 4334 0 65.8331
7.00001 3039 0 55.1271
8.00001 2340 0 48.3735
9.00001 1783 0 42.2256
10 1417 0 37.6431
11 1158 0 34.0294
12 898 0 29.9666
13 707 0 26.5895
14 599 0 24.4745
15 498 0 22.3159
16 402 0 20.0499
17 348 0 18.6548
18 284 0 16.8523
19 243 0 15.5885
20 173 0 13.1529
21 154 0 12.4097
22 136 0 11.6619
23 123 0 11.0905
24 85 0 9.21954
25 71 0 8.42615
26 63 0 7.93725
27 57 0 7.54983
28 42 0 6.48074
29 39 0 6.245
30 32 0 5.65685
31 20 0 4.47214
32 23 0 4.79583
33 32 0 5.65685
34 26 0 5.09902
35 12 0 3.4641
36 16 0 4
37 12 0 3.4641
38 10 0 3.16228
39 5 0 2.23607
40 7 0 2.64575
41 2 0 1.41421
42 4 0 2
43 10 0 3.16228
44 8 0 2.82843
45 4 0 2
47 5 0 2.23607
50 1 0 1
51.0001 1 0 1
52.0001 1 0 1
54.0001 1 0 1
55.0001 1 0 1
59.0001 1 0 1
60.0001 1 0 1
62.0001 2 0 1.41421
69.0001 1 0 1
