1 31701 0 178.048
2 7971 0 89.2805
3 4957 0 70.406
4 3330 0 57.7062
5 2423 0 49.224
6.00001 1824 0 42.7083
7.00001 1519 0 38.9744
8.00001 1163 0 34.1028
9.00001 942 0 30.692
10 842 0 29.0172
11 716 0 26.7582
12 624 0 24.98
13 557 0 23.6008
14 528 0 22.9783
15 439 0 20.9523
16 379 0 19.4679
17 388 0 19.6977
18 311 0 17.6352
19 286 0 16.9115
20 263 0 16.2173
21 236 0 15.3623
22 236 0 15.3623
23 215 0 14.6629
24 195 0 13.9642
25 210 0 14.4914
26 148 0 12.1655
27 160 0 12.6491
28 160 0 12.6491
29 137 0 11.7047
30 135 0 11.619
31 133 0 11.5326
32 112 0 10.583
33 120 0 10.9545
34 134 0 11.5758
35 107 0 10.3441
36 102 0 10.0995
37 90 0 9.48683
38 83 0 9.11043
39 81 0 9
40 80 0 8.94427
41 92 0 9.59166
42 74 0 8.60233
43 75 0 8.66025
44 60 0 7.74597
45 52 0 7.2111
46 66 0 8.12404
47 63 0 7.93725
48 64 0 8
49 57 0 7.54983
50 50 0 7.07107
51.0001 62 0 7.87401
52.0001 52 0 7.2111
53.0001 46 0 6.78233
54.0001 56 0 7.48331
55.0001 48 0 6.9282
56.0001 51 0 7.14143
57.0001 44 0 6.63325
58.0001 47 0 6.85565
59.0001 40 0 6.32456
60.0001 44 0 6.63325
61.0001 38 0 6.16441
62.0001 36 0 6
63.0001 25 0 5
64.0001 26 0 5.09902
65.0001 32 0 5.65685
66.0001 34 0 5.83095
67.0001 28 0 5.2915
68.0001 26 0 5.09902
69.0001 21 0 4.58258
70.0001 21 0 4.58258
71.0001 24 0 4.89898
72.0001 31 0 5.56776
73.0001 17 0 4.12311
74.0001 26 0 5.09902
75.0001 27 0 5.19615
76.0001 17 0 4.12311
77.0001 22 0 4.69042
78.0001 22 0 4.69042
79.0001 17 0 4.12311
80.0001 31 0 5.56776
81.0001 19 0 4.3589
82.0001 24 0 4.89898
83.0001 26 0 5.09902
84.0001 17 0 4.12311
85.0001 21 0 4.58258
86.0001 17 0 4.12311
87.0001 16 0 4
88.0001 18 0 4.24264
89.0001 19 0 4.3589
90.0001 21 0 4.58258
91.0001 13 0 3.60555
92.0001 19 0 4.3589
93.0001 16 0 4
94.0001 9 0 3
95.0001 16 0 4
96.0001 7 0 2.64575
97.0001 9 0 3
98.0001 8 0 2.82843
99.0001 20 0 4.47214
100 16 0 4
101 10 0 3.16228
102 10 0 3.16228
103 16 0 4
104 16 0 4
105 12 0 3.4641
106 8 0 2.82843
107 13 0 3.60555
108 6 0 2.44949
109 10 0 3.16228
110 9 0 3
111 13 0 3.60555
112 10 0 3.16228
113 8 0 2.82843
114 7 0 2.64575
115 8 0 2.82843
116 6 0 2.44949
117 8 0 2.82843
118 5 0 2.23607
119 10 0 3.16228
120 7 0 2.64575
121 3 0 1.73205
122 5 0 2.23607
123 7 0 2.64575
124 5 0 2.23607
125 9 0 3
126 11 0 3.31662
127 7 0 2.64575
128 7 0 2.64575
129 7 0 2.64575
130 9 0 3
131 7 0 2.64575
132 5 0 2.23607
133 3 0 1.73205
134 5 0 2.23607
135 2 0 1.41421
136 4 0 2
137 6 0 2.44949
138 6 0 2.44949
139 6 0 2.44949
140 7 0 2.64575
141 3 0 1.73205
142 5 0 2.23607
143 6 0 2.44949
144 4 0 2
145 7 0 2.64575
146 6 0 2.44949
147 7 0 2.64575
148 4 0 2
149 8 0 2.82843
150 4 0 2
151 3 0 1.73205
152 3 0 1.73205
153 4 0 2
154 2 0 1.41421
155 4 0 2
156 5 0 2.23607
157 2 0 1.41421
158 3 0 1.73205
159 5 0 2.23607
160 5 0 2.23607
161 3 0 1.73205
162 5 0 2.23607
163 5 0 2.23607
164 2 0 1.41421
165 2 0 1.41421
166 2 0 1.41421
167 2 0 1.41421
168 3 0 1.73205
169 3 0 1.73205
170 3 0 1.73205
171 2 0 1.41421
172 5 0 2.23607
173 4 0 2
174 3 0 1.73205
175 2 0 1.41421
176 2 0 1.41421
177 4 0 2
178 4 0 2
179 3 0 1.73205
181 3 0 1.73205
182 4 0 2
183 4 0 2
184 1 0 1
185 1 0 1
186 2 0 1.41421
187 1 0 1
188 3 0 1.73205
189 2 0 1.41421
190 1 0 1
191 1 0 1
193 1 0 1
195 1 0 1
197 1 0 1
198 2 0 1.41421
199 1 0 1
202 1 0 1
203 4 0 2
204 1 0 1
210 2 0 1.41421
211 2 0 1.41421
212 2 0 1.41421
214 2 0 1.41421
215 3 0 1.73205
216 2 0 1.41421
218 3 0 1.73205
219 2 0 1.41421
222 1 0 1
223 1 0 1
224 3 0 1.73205
226 2 0 1.41421
227 1 0 1
228 1 0 1
229 2 0 1.41421
230 3 0 1.73205
233 1 0 1
234 2 0 1.41421
237 2 0 1.41421
238 1 0 1
239 1 0 1
240 1 0 1
244 1 0 1
245 1 0 1
246 1 0 1
251 3 0 1.73205
252 2 0 1.41421
257 2 0 1.41421
258 2 0 1.41421
259 1 0 1
262 3 0 1.73205
265 1 0 1
266 1 0 1
268 1 0 1
274 2 0 1.41421
275 1 0 1
276 2 0 1.41421
279 1 0 1
281 1 0 1
283 1 0 1
289 1 0 1
290 1 0 1
292 1 0 1
293 1 0 1
294 1 0 1
296 1 0 1
298 2 0 1.41421
307 1 0 1
308 1 0 1
311 1 0 1
316 1 0 1
320 2 0 1.41421
321 1 0 1
322 1 0 1
325 1 0 1
332 1 0 1
333 1 0 1
342 1 0 1
353 1 0 1
360 1 0 1
364 1 0 1
369 1 0 1
377 2 0 1.41421
391 1 0 1
395 1 0 1
419 1 0 1
428 1 0 1
434 1 0 1
472 1 0 1
498 1 0 1
