1 52019 0 228.077
2 15189 0 123.244
3 9388 0 96.8917
4 6211 0 78.8099
5 4548 0 67.4389
6.00001 3259 0 57.0877
7.00001 2561 0 50.6063
8.00001 2078 0 45.5851
9.00001 1594 0 39.9249
10 1309 0 36.1801
11 1079 0 32.8481
12 957 0 30.9354
13 795 0 28.1957
14 654 0 25.5734
15 594 0 24.3721
16 520 0 22.8035
17 422 0 20.5426
18 367 0 19.1572
19 327 0 18.0831
20 284 0 16.8523
21 250 0 15.8114
22 234 0 15.2971
23 188 0 13.7113
24 180 0 13.4164
25 149 0 12.2066
26 147 0 12.1244
27 105 0 10.247
28 117 0 10.8167
29 100 0 10
30 93 0 9.64365
31 66 0 8.12404
32 80 0 8.94427
33 67 0 8.18535
34 69 0 8.30662
35 66 0 8.12404
36 53 0 7.28011
37 49 0 7
38 34 0 5.83095
39 35 0 5.91608
40 38 0 6.16441
41 16 0 4
42 32 0 5.65685
43 12 0 3.4641
44 31 0 5.56776
45 22 0 4.69042
46 20 0 4.47214
47 21 0 4.58258
48 20 0 4.47214
49 12 0 3.4641
50 9 0 3
51.0001 14 0 3.74166
52.0001 8 0 2.82843
53.0001 9 0 3
54.0001 7 0 2.64575
55.0001 11 0 3.31662
56.0001 7 0 2.64575
57.0001 7 0 2.64575
58.0001 6 0 2.44949
59.0001 7 0 2.64575
60.0001 6 0 2.44949
61.0001 6 0 2.44949
62.0001 7 0 2.64575
63.0001 2 0 1.41421
64.0001 3 0 1.73205
65.0001 5 0 2.23607
66.0001 1 0 1
67.0001 1 0 1
68.0001 2 0 1.41421
69.0001 3 0 1.73205
70.0001 3 0 1.73205
71.0001 1 0 1
72.0001 1 0 1
73.0001 3 0 1.73205
76.0001 1 0 1
78.0001 1 0 1
79.0001 1 0 1
87.0001 1 0 1
88.0001 1 0 1
91.0001 2 0 1.41421
93.0001 1 0 1
101 1 0 1
103 1 0 1
