1 71269 0 266.963
2 21048 0 145.079
3 12703 0 112.708
4 8510 0 92.2497
5 5783 0 76.046
6.00001 4266 0 65.3146
7.00001 3283 0 57.2975
8.00001 2417 0 49.163
9.00001 1930 0 43.9318
10 1581 0 39.7618
11 1259 0 35.4824
12 1040 0 32.249
13 825 0 28.7228
14 680 0 26.0768
15 557 0 23.6008
16 467 0 21.6102
17 442 0 21.0238
18 319 0 17.8606
19 278 0 16.6733
20 270 0 16.4317
21 221 0 14.8661
22 167 0 12.9228
23 172 0 13.1149
24 152 0 12.3288
25 123 0 11.0905
26 100 0 10
27 77 0 8.77496
28 78 0 8.83176
29 69 0 8.30662
30 46 0 6.78233
31 53 0 7.28011
32 44 0 6.63325
33 36 0 6
34 29 0 5.38516
35 35 0 5.91608
36 22 0 4.69042
37 23 0 4.79583
38 21 0 4.58258
39 22 0 4.69042
40 14 0 3.74166
41 16 0 4
42 13 0 3.60555
43 6 0 2.44949
44 12 0 3.4641
45 4 0 2
46 11 0 3.31662
47 2 0 1.41421
48 6 0 2.44949
49 3 0 1.73205
50 3 0 1.73205
51.0001 4 0 2
52.0001 3 0 1.73205
53.0001 4 0 2
54.0001 2 0 1.41421
55.0001 3 0 1.73205
56.0001 3 0 1.73205
59.0001 3 0 1.73205
60.0001 1 0 1
61.0001 2 0 1.41421
62.0001 2 0 1.41421
64.0001 1 0 1
66.0001 1 0 1
67.0001 2 0 1.41421
70.0001 2 0 1.41421
73.0001 1 0 1
75.0001 1 0 1
