1 19373 0 139.187
2 4058 0 63.7024
3 2503 0 50.03
4 1565 0 39.5601
5 1137 0 33.7194
6.00001 824 0 28.7054
7.00001 667 0 25.8263
8.00001 500 0 22.3607
9.00001 418 0 20.445
10 356 0 18.868
11 298 0 17.2627
12 258 0 16.0624
13 228 0 15.0997
14 196 0 14
15 157 0 12.53
16 156 0 12.49
17 147 0 12.1244
18 134 0 11.5758
19 101 0 10.0499
20 100 0 10
21 96 0 9.79796
22 73 0 8.544
23 110 0 10.4881
24 67 0 8.18535
25 77 0 8.77496
26 74 0 8.60233
27 58 0 7.61577
28 80 0 8.94427
29 50 0 7.07107
30 56 0 7.48331
31 40 0 6.32456
32 39 0 6.245
33 57 0 7.54983
34 38 0 6.16441
35 30 0 5.47723
36 32 0 5.65685
37 36 0 6
38 27 0 5.19615
39 25 0 5
40 33 0 5.74456
41 23 0 4.79583
42 28 0 5.2915
43 29 0 5.38516
44 22 0 4.69042
45 23 0 4.79583
46 21 0 4.58258
47 16 0 4
48 17 0 4.12311
49 13 0 3.60555
50 18 0 4.24264
51.0001 24 0 4.89898
52.0001 17 0 4.12311
53.0001 17 0 4.12311
54.0001 20 0 4.47214
55.0001 14 0 3.74166
56.0001 13 0 3.60555
57.0001 19 0 4.3589
58.0001 17 0 4.12311
59.0001 13 0 3.60555
60.0001 12 0 3.4641
61.0001 16 0 4
62.0001 13 0 3.60555
63.0001 11 0 3.31662
64.0001 6 0 2.44949
65.0001 9 0 3
66.0001 7 0 2.64575
67.0001 9 0 3
68.0001 7 0 2.64575
69.0001 10 0 3.16228
70.0001 14 0 3.74166
71.0001 12 0 3.4641
72.0001 12 0 3.4641
73.0001 16 0 4
74.0001 16 0 4
75.0001 11 0 3.31662
76.0001 12 0 3.4641
77.0001 9 0 3
78.0001 9 0 3
79.0001 10 0 3.16228
80.0001 10 0 3.16228
81.0001 7 0 2.64575
82.0001 5 0 2.23607
83.0001 6 0 2.44949
84.0001 9 0 3
85.0001 11 0 3.31662
86.0001 7 0 2.64575
87.0001 7 0 2.64575
88.0001 5 0 2.23607
89.0001 9 0 3
90.0001 6 0 2.44949
91.0001 5 0 2.23607
92.0001 7 0 2.64575
93.0001 6 0 2.44949
94.0001 4 0 2
95.0001 13 0 3.60555
96.0001 9 0 3
97.0001 6 0 2.44949
98.0001 8 0 2.82843
99.0001 10 0 3.16228
100 3 0 1.73205
101 8 0 2.82843
102 3 0 1.73205
103 4 0 2
104 4 0 2
105 9 0 3
106 10 0 3.16228
107 9 0 3
108 8 0 2.82843
109 5 0 2.23607
110 2 0 1.41421
111 3 0 1.73205
112 9 0 3
113 3 0 1.73205
114 6 0 2.44949
115 4 0 2
116 3 0 1.73205
117 6 0 2.44949
118 10 0 3.16228
119 6 0 2.44949
120 5 0 2.23607
121 4 0 2
122 3 0 1.73205
123 8 0 2.82843
124 2 0 1.41421
125 5 0 2.23607
126 8 0 2.82843
127 2 0 1.41421
128 5 0 2.23607
129 5 0 2.23607
130 5 0 2.23607
131 3 0 1.73205
132 7 0 2.64575
133 3 0 1.73205
134 5 0 2.23607
135 5 0 2.23607
136 4 0 2
137 5 0 2.23607
139 4 0 2
140 1 0 1
141 4 0 2
142 2 0 1.41421
143 3 0 1.73205
144 1 0 1
145 4 0 2
147 5 0 2.23607
148 5 0 2.23607
150 2 0 1.41421
151 2 0 1.41421
153 2 0 1.41421
154 2 0 1.41421
155 1 0 1
156 4 0 2
157 4 0 2
158 3 0 1.73205
159 3 0 1.73205
160 4 0 2
162 1 0 1
163 4 0 2
164 4 0 2
165 2 0 1.41421
166 3 0 1.73205
167 2 0 1.41421
168 2 0 1.41421
169 3 0 1.73205
170 2 0 1.41421
171 4 0 2
172 2 0 1.41421
173 8 0 2.82843
174 2 0 1.41421
175 1 0 1
176 1 0 1
177 3 0 1.73205
178 1 0 1
179 2 0 1.41421
180 2 0 1.41421
181 2 0 1.41421
182 2 0 1.41421
184 3 0 1.73205
185 2 0 1.41421
186 1 0 1
187 4 0 2
188 6 0 2.44949
189 5 0 2.23607
190 2 0 1.41421
191 4 0 2
192 4 0 2
194 2 0 1.41421
197 4 0 2
198 2 0 1.41421
200 1 0 1
202 3 0 1.73205
203 1 0 1
204 2 0 1.41421
205 2 0 1.41421
206 4 0 2
208 2 0 1.41421
209 3 0 1.73205
210 1 0 1
211 1 0 1
212 1 0 1
213 2 0 1.41421
214 1 0 1
215 2 0 1.41421
217 2 0 1.41421
218 4 0 2
219 2 0 1.41421
221 2 0 1.41421
222 1 0 1
224 1 0 1
225 2 0 1.41421
227 1 0 1
228 1 0 1
229 1 0 1
230 2 0 1.41421
231 2 0 1.41421
233 4 0 2
234 1 0 1
235 1 0 1
236 1 0 1
237 1 0 1
238 1 0 1
239 1 0 1
240 3 0 1.73205
241 3 0 1.73205
242 1 0 1
243 4 0 2
244 1 0 1
245 1 0 1
246 1 0 1
248 2 0 1.41421
251 1 0 1
252 1 0 1
253 3 0 1.73205
254 2 0 1.41421
255 1 0 1
257 2 0 1.41421
259 3 0 1.73205
260 1 0 1
262 1 0 1
263 2 0 1.41421
264 1 0 1
266 2 0 1.41421
267 1 0 1
268 1 0 1
269 1 0 1
270 1 0 1
271 1 0 1
272 1 0 1
273 2 0 1.41421
274 1 0 1
275 1 0 1
276 2 0 1.41421
277 2 0 1.41421
278 1 0 1
279 1 0 1
280 1 0 1
281 2 0 1.41421
282 1 0 1
283 2 0 1.41421
285 1 0 1
286 3 0 1.73205
287 1 0 1
288 3 0 1.73205
290 1 0 1
291 1 0 1
293 1 0 1
299 1 0 1
302 1 0 1
303 1 0 1
304 1 0 1
305 3 0 1.73205
306 1 0 1
307 1 0 1
308 1 0 1
309 1 0 1
310 1 0 1
311 1 0 1
312 1 0 1
313 2 0 1.41421
314 1 0 1
316 1 0 1
317 1 0 1
319 3 0 1.73205
320 1 0 1
321 1 0 1
322 1 0 1
328 3 0 1.73205
330 1 0 1
331 1 0 1
332 1 0 1
333 1 0 1
334 1 0 1
335 1 0 1
336 1 0 1
338 1 0 1
339 1 0 1
340 2 0 1.41421
342 1 0 1
345 1 0 1
350 1 0 1
352 3 0 1.73205
354 1 0 1
356 2 0 1.41421
357 1 0 1
359 1 0 1
361 1 0 1
362 1 0 1
365 2 0 1.41421
368 1 0 1
370 1 0 1
372 1 0 1
373 1 0 1
374 1 0 1
375 1 0 1
378 1 0 1
381 2 0 1.41421
383 1 0 1
387 1 0 1
388 1 0 1
390 1 0 1
391 1 0 1
392 1 0 1
395 2 0 1.41421
396 1 0 1
398 2 0 1.41421
401 1 0 1
403 1 0 1
404 1 0 1
405 2 0 1.41421
406 1 0 1
412 1 0 1
421 1 0 1
424 1 0 1
436 1 0 1
444 1 0 1
446 1 0 1
447 1 0 1
448 1 0 1
451 1 0 1
452 1 0 1
456 1 0 1
460 1 0 1
464 1 0 1
466 2 0 1.41421
467 2 0 1.41421
468 1 0 1
474 1 0 1
476 1 0 1
481 1 0 1
485 1 0 1
486 4 0 2
489 1 0 1
504.001 1 0 1
506.001 1 0 1
513.001 1 0 1
516.001 2 0 1.41421
520.001 1 0 1
528.001 1 0 1
536.001 1 0 1
538.001 1 0 1
539.001 1 0 1
542.001 1 0 1
543.001 1 0 1
545.001 1 0 1
550.001 2 0 1.41421
561.001 1 0 1
565.001 1 0 1
569.001 1 0 1
570.001 1 0 1
571.001 1 0 1
574.001 1 0 1
577.001 1 0 1
578.001 2 0 1.41421
579.001 1 0 1
580.001 1 0 1
582.001 1 0 1
587.001 1 0 1
588.001 1 0 1
590.001 1 0 1
594.001 1 0 1
600.001 1 0 1
602.001 1 0 1
607.001 2 0 1.41421
610.001 1 0 1
617.001 1 0 1
626.001 1 0 1
628.001 1 0 1
629.001 1 0 1
631.001 2 0 1.41421
638.001 1 0 1
639.001 1 0 1
640.001 1 0 1
645.001 1 0 1
646.001 1 0 1
651.001 1 0 1
653.001 1 0 1
659.001 1 0 1
665.001 1 0 1
669.001 1 0 1
670.001 2 0 1.41421
676.001 1 0 1
686.001 2 0 1.41421
687.001 1 0 1
693.001 1 0 1
709.001 1 0 1
710.001 1 0 1
711.001 1 0 1
720.001 1 0 1
723.001 1 0 1
730.001 2 0 1.41421
733.001 1 0 1
738.001 1 0 1
742.001 1 0 1
746.001 1 0 1
750.001 1 0 1
755.001 1 0 1
761.001 2 0 1.41421
764.001 1 0 1
769.001 1 0 1
770.001 1 0 1
771.001 2 0 1.41421
777.001 1 0 1
785.001 1 0 1
793.001 1 0 1
800.001 1 0 1
807.001 1 0 1
810.001 1 0 1
820.001 1 0 1
826.001 1 0 1
827.001 1 0 1
831.001 1 0 1
836.001 1 0 1
838.001 1 0 1
843.001 1 0 1
845.001 2 0 1.41421
847.001 1 0 1
848.001 1 0 1
853.001 1 0 1
866.001 1 0 1
867.001 1 0 1
884.001 1 0 1
887.001 1 0 1
901.001 1 0 1
903.001 1 0 1
921.001 1 0 1
923.001 1 0 1
931.001 1 0 1
936.001 1 0 1
946.001 1 0 1
956.001 1 0 1
960.001 1 0 1
975.001 1 0 1
976.001 1 0 1
982.001 1 0 1
1003 1 0 1
1012 1 0 1
1016 1 0 1
1031 1 0 1
1033 1 0 1
1056 1 0 1
1066 1 0 1
1084 1 0 1
1088 1 0 1
1093 1 0 1
1113 1 0 1
1116 1 0 1
1117 1 0 1
1122 2 0 1.41421
1127 1 0 1
1161 1 0 1
1168 1 0 1
1171 1 0 1
1178 1 0 1
1206 1 0 1
1207 1 0 1
1217 1 0 1
1222 1 0 1
1223 1 0 1
1234 1 0 1
1259 1 0 1
1268 1 0 1
1288 3 0 1.73205
1296 1 0 1
1324 1 0 1
1335 1 0 1
1341 1 0 1
1345 1 0 1
1384 1 0 1
1386 1 0 1
1420 1 0 1
1426 1 0 1
1428 1 0 1
1459 1 0 1
1479 1 0 1
1481 1 0 1
1489 1 0 1
1506 1 0 1
1507 1 0 1
1542 1 0 1
1578 1 0 1
1597 1 0 1
1646 1 0 1
1662 1 0 1
1663 1 0 1
1710 1 0 1
1791 2 0 1.41421
1797 1 0 1
1822 1 0 1
1847 1 0 1
1850 1 0 1
1874 1 0 1
1925 1 0 1
1970 1 0 1
1990 1 0 1
2028 1 0 1
2082 1 0 1
2196 1 0 1
2211 1 0 1
2231 1 0 1
2320 1 0 1
2467 1 0 1
2536 1 0 1
2555 1 0 1
2687 1 0 1
2727 1 0 1
2805 1 0 1
2892 1 0 1
2925 1 0 1
3137 1 0 1
3174 2 0 1.41421
3202 1 0 1
3214 1 0 1
3235 1 0 1
3275 1 0 1
3344 1 0 1
3432 1 0 1
3518 1 0 1
3614 1 0 1
3668 1 0 1
4151 1 0 1
4397 1 0 1
4442 1 0 1
4819 1 0 1
4875 1 0 1
6165.01 1 0 1
8387.01 1 0 1
