1 24004 0 154.932
2 5630 0 75.0333
3 3280 0 57.2713
4 2200 0 46.9042
5 1634 0 40.4228
6.00001 1164 0 34.1174
7.00001 936 0 30.5941
8.00001 761 0 27.5862
9.00001 574 0 23.9583
10 527 0 22.9565
11 474 0 21.7715
12 390 0 19.7484
13 379 0 19.4679
14 293 0 17.1172
15 265 0 16.2788
16 248 0 15.748
17 215 0 14.6629
18 211 0 14.5258
19 194 0 13.9284
20 163 0 12.7671
21 161 0 12.6886
22 151 0 12.2882
23 135 0 11.619
24 129 0 11.3578
25 129 0 11.3578
26 121 0 11
27 96 0 9.79796
28 103 0 10.1489
29 82 0 9.05539
30 85 0 9.21954
31 69 0 8.30662
32 79 0 8.88819
33 80 0 8.94427
34 78 0 8.83176
35 73 0 8.544
36 63 0 7.93725
37 62 0 7.87401
38 46 0 6.78233
39 46 0 6.78233
40 52 0 7.2111
41 47 0 6.85565
42 38 0 6.16441
43 52 0 7.2111
44 50 0 7.07107
45 39 0 6.245
46 42 0 6.48074
47 42 0 6.48074
48 38 0 6.16441
49 43 0 6.55744
50 49 0 7
51.0001 46 0 6.78233
52.0001 32 0 5.65685
53.0001 42 0 6.48074
54.0001 27 0 5.19615
55.0001 30 0 5.47723
56.0001 34 0 5.83095
57.0001 32 0 5.65685
58.0001 22 0 4.69042
59.0001 30 0 5.47723
60.0001 21 0 4.58258
61.0001 24 0 4.89898
62.0001 37 0 6.08276
63.0001 28 0 5.2915
64.0001 33 0 5.74456
65.0001 17 0 4.12311
66.0001 25 0 5
67.0001 23 0 4.79583
68.0001 30 0 5.47723
69.0001 17 0 4.12311
70.0001 17 0 4.12311
71.0001 23 0 4.79583
72.0001 15 0 3.87298
73.0001 27 0 5.19615
74.0001 21 0 4.58258
75.0001 19 0 4.3589
76.0001 19 0 4.3589
77.0001 4 0 2
78.0001 16 0 4
79.0001 12 0 3.4641
80.0001 26 0 5.09902
81.0001 19 0 4.3589
82.0001 14 0 3.74166
83.0001 15 0 3.87298
84.0001 17 0 4.12311
85.0001 17 0 4.12311
86.0001 15 0 3.87298
87.0001 17 0 4.12311
88.0001 15 0 3.87298
89.0001 18 0 4.24264
90.0001 15 0 3.87298
91.0001 9 0 3
92.0001 7 0 2.64575
93.0001 11 0 3.31662
94.0001 12 0 3.4641
95.0001 9 0 3
96.0001 13 0 3.60555
97.0001 3 0 1.73205
98.0001 9 0 3
99.0001 8 0 2.82843
100 10 0 3.16228
101 17 0 4.12311
102 13 0 3.60555
103 12 0 3.4641
104 12 0 3.4641
105 13 0 3.60555
106 10 0 3.16228
107 11 0 3.31662
108 6 0 2.44949
109 10 0 3.16228
110 5 0 2.23607
111 9 0 3
112 5 0 2.23607
113 12 0 3.4641
114 7 0 2.64575
115 13 0 3.60555
116 11 0 3.31662
117 13 0 3.60555
118 6 0 2.44949
119 4 0 2
120 9 0 3
121 7 0 2.64575
122 6 0 2.44949
123 13 0 3.60555
124 4 0 2
125 11 0 3.31662
126 4 0 2
127 2 0 1.41421
128 8 0 2.82843
129 9 0 3
130 9 0 3
131 6 0 2.44949
132 7 0 2.64575
133 4 0 2
134 6 0 2.44949
135 5 0 2.23607
136 5 0 2.23607
137 5 0 2.23607
138 9 0 3
139 7 0 2.64575
140 5 0 2.23607
141 11 0 3.31662
142 3 0 1.73205
143 7 0 2.64575
144 6 0 2.44949
145 5 0 2.23607
146 4 0 2
147 3 0 1.73205
148 4 0 2
149 7 0 2.64575
150 2 0 1.41421
151 8 0 2.82843
152 6 0 2.44949
153 5 0 2.23607
154 4 0 2
155 5 0 2.23607
156 4 0 2
157 4 0 2
158 6 0 2.44949
159 9 0 3
160 4 0 2
161 7 0 2.64575
162 5 0 2.23607
163 5 0 2.23607
164 2 0 1.41421
165 2 0 1.41421
166 5 0 2.23607
167 6 0 2.44949
168 1 0 1
169 5 0 2.23607
170 9 0 3
171 3 0 1.73205
172 5 0 2.23607
173 3 0 1.73205
174 1 0 1
175 2 0 1.41421
176 2 0 1.41421
177 5 0 2.23607
178 7 0 2.64575
179 1 0 1
181 4 0 2
182 3 0 1.73205
183 2 0 1.41421
184 3 0 1.73205
185 3 0 1.73205
186 4 0 2
187 5 0 2.23607
188 2 0 1.41421
189 1 0 1
190 4 0 2
191 4 0 2
193 2 0 1.41421
194 2 0 1.41421
195 1 0 1
196 5 0 2.23607
197 3 0 1.73205
199 3 0 1.73205
200 3 0 1.73205
201 3 0 1.73205
202 5 0 2.23607
203 3 0 1.73205
204 2 0 1.41421
205 3 0 1.73205
206 6 0 2.44949
207 2 0 1.41421
208 3 0 1.73205
209 5 0 2.23607
210 4 0 2
211 3 0 1.73205
212 5 0 2.23607
213 2 0 1.41421
214 3 0 1.73205
215 5 0 2.23607
216 6 0 2.44949
217 2 0 1.41421
219 4 0 2
220 3 0 1.73205
222 2 0 1.41421
223 2 0 1.41421
224 2 0 1.41421
225 1 0 1
226 4 0 2
227 3 0 1.73205
228 3 0 1.73205
229 3 0 1.73205
230 3 0 1.73205
231 5 0 2.23607
233 2 0 1.41421
234 2 0 1.41421
235 1 0 1
236 4 0 2
238 4 0 2
239 3 0 1.73205
240 3 0 1.73205
241 3 0 1.73205
243 2 0 1.41421
244 4 0 2
245 2 0 1.41421
246 1 0 1
247 2 0 1.41421
248 1 0 1
249 3 0 1.73205
252 5 0 2.23607
253 4 0 2
254 1 0 1
255 2 0 1.41421
256 3 0 1.73205
257 3 0 1.73205
258 1 0 1
259 1 0 1
260 2 0 1.41421
262 2 0 1.41421
265 2 0 1.41421
266 1 0 1
267 1 0 1
268 1 0 1
270 3 0 1.73205
271 1 0 1
272 2 0 1.41421
273 3 0 1.73205
274 1 0 1
275 2 0 1.41421
276 3 0 1.73205
277 3 0 1.73205
278 1 0 1
279 2 0 1.41421
280 2 0 1.41421
281 1 0 1
282 2 0 1.41421
283 1 0 1
284 2 0 1.41421
286 1 0 1
287 2 0 1.41421
288 2 0 1.41421
289 2 0 1.41421
290 3 0 1.73205
291 1 0 1
293 1 0 1
294 1 0 1
295 2 0 1.41421
296 2 0 1.41421
298 2 0 1.41421
299 6 0 2.44949
304 1 0 1
305 4 0 2
306 3 0 1.73205
307 2 0 1.41421
308 3 0 1.73205
310 1 0 1
311 1 0 1
313 1 0 1
315 1 0 1
316 1 0 1
317 1 0 1
318 2 0 1.41421
320 2 0 1.41421
322 1 0 1
323 2 0 1.41421
324 1 0 1
326 1 0 1
327 1 0 1
330 3 0 1.73205
331 1 0 1
334 3 0 1.73205
335 1 0 1
336 1 0 1
337 1 0 1
338 1 0 1
339 2 0 1.41421
340 1 0 1
341 2 0 1.41421
342 2 0 1.41421
348 1 0 1
350 2 0 1.41421
351 2 0 1.41421
352 1 0 1
353 1 0 1
354 2 0 1.41421
356 2 0 1.41421
359 1 0 1
360 1 0 1
361 4 0 2
362 3 0 1.73205
363 1 0 1
365 1 0 1
366 3 0 1.73205
367 1 0 1
368 1 0 1
372 1 0 1
376 3 0 1.73205
377 1 0 1
378 1 0 1
379 2 0 1.41421
381 1 0 1
384 2 0 1.41421
385 1 0 1
386 2 0 1.41421
387 1 0 1
388 1 0 1
389 3 0 1.73205
390 1 0 1
394 2 0 1.41421
396 2 0 1.41421
397 1 0 1
401 2 0 1.41421
403 1 0 1
406 1 0 1
407 2 0 1.41421
410 1 0 1
412 2 0 1.41421
413 1 0 1
414 1 0 1
415 4 0 2
419 1 0 1
422 2 0 1.41421
429 1 0 1
431 1 0 1
434 1 0 1
436 1 0 1
437 2 0 1.41421
442 1 0 1
443 3 0 1.73205
445 1 0 1
449 1 0 1
450 3 0 1.73205
452 1 0 1
454 1 0 1
455 1 0 1
459 1 0 1
460 1 0 1
467 1 0 1
468 1 0 1
469 1 0 1
470 1 0 1
474 1 0 1
478 1 0 1
479 1 0 1
480 2 0 1.41421
482 1 0 1
484 1 0 1
485 1 0 1
487 1 0 1
488 1 0 1
490 2 0 1.41421
491 1 0 1
492 1 0 1
495 1 0 1
496 1 0 1
497 1 0 1
499 2 0 1.41421
505.001 1 0 1
506.001 2 0 1.41421
507.001 2 0 1.41421
509.001 1 0 1
512.001 1 0 1
513.001 1 0 1
515.001 1 0 1
518.001 1 0 1
519.001 1 0 1
520.001 2 0 1.41421
521.001 1 0 1
523.001 1 0 1
528.001 1 0 1
533.001 1 0 1
540.001 1 0 1
548.001 1 0 1
555.001 1 0 1
557.001 1 0 1
559.001 1 0 1
561.001 1 0 1
563.001 1 0 1
573.001 1 0 1
575.001 1 0 1
577.001 2 0 1.41421
582.001 1 0 1
588.001 1 0 1
590.001 1 0 1
595.001 1 0 1
599.001 3 0 1.73205
600.001 1 0 1
607.001 1 0 1
609.001 1 0 1
611.001 1 0 1
619.001 1 0 1
621.001 2 0 1.41421
623.001 1 0 1
633.001 2 0 1.41421
642.001 2 0 1.41421
649.001 1 0 1
655.001 1 0 1
656.001 1 0 1
658.001 1 0 1
661.001 1 0 1
676.001 2 0 1.41421
680.001 1 0 1
694.001 2 0 1.41421
696.001 1 0 1
704.001 1 0 1
710.001 1 0 1
714.001 1 0 1
717.001 1 0 1
719.001 1 0 1
734.001 1 0 1
736.001 1 0 1
740.001 1 0 1
753.001 1 0 1
758.001 1 0 1
776.001 1 0 1
782.001 1 0 1
793.001 1 0 1
795.001 2 0 1.41421
796.001 1 0 1
807.001 1 0 1
813.001 1 0 1
827.001 1 0 1
828.001 1 0 1
831.001 1 0 1
833.001 1 0 1
854.001 1 0 1
855.001 1 0 1
915.001 1 0 1
928.001 1 0 1
960.001 1 0 1
994.001 1 0 1
1008 1 0 1
1015 1 0 1
1023 1 0 1
1029 1 0 1
1061 1 0 1
1164 1 0 1
1179 1 0 1
1294 1 0 1
1308 1 0 1
1606 1 0 1
2082 1 0 1
2186 1 0 1
