1 17043 0 130.549
2 3320 0 57.6194
3 1950 0 44.1588
4 1202 0 34.6699
5 856 0 29.2575
6.00001 635 0 25.1992
7.00001 486 0 22.0454
8.00001 362 0 19.0263
9.00001 283 0 16.8226
10 235 0 15.3297
11 210 0 14.4914
12 181 0 13.4536
13 146 0 12.083
14 128 0 11.3137
15 106 0 10.2956
16 101 0 10.0499
17 88 0 9.38083
18 90 0 9.48683
19 60 0 7.74597
20 64 0 8
21 63 0 7.93725
22 65 0 8.06226
23 64 0 8
24 47 0 6.85565
25 48 0 6.9282
26 48 0 6.9282
27 38 0 6.16441
28 26 0 5.09902
29 40 0 6.32456
30 24 0 4.89898
31 27 0 5.19615
32 23 0 4.79583
33 22 0 4.69042
34 27 0 5.19615
35 13 0 3.60555
36 17 0 4.12311
37 33 0 5.74456
38 14 0 3.74166
39 20 0 4.47214
40 18 0 4.24264
41 10 0 3.16228
42 12 0 3.4641
43 10 0 3.16228
44 12 0 3.4641
45 12 0 3.4641
46 19 0 4.3589
47 10 0 3.16228
48 9 0 3
49 11 0 3.31662
50 15 0 3.87298
51.0001 9 0 3
52.0001 19 0 4.3589
53.0001 19 0 4.3589
54.0001 12 0 3.4641
55.0001 6 0 2.44949
56.0001 10 0 3.16228
57.0001 9 0 3
58.0001 8 0 2.82843
59.0001 12 0 3.4641
60.0001 8 0 2.82843
61.0001 2 0 1.41421
62.0001 13 0 3.60555
63.0001 5 0 2.23607
64.0001 7 0 2.64575
65.0001 4 0 2
66.0001 5 0 2.23607
67.0001 12 0 3.4641
68.0001 5 0 2.23607
69.0001 10 0 3.16228
70.0001 7 0 2.64575
71.0001 2 0 1.41421
72.0001 5 0 2.23607
73.0001 10 0 3.16228
74.0001 7 0 2.64575
75.0001 7 0 2.64575
76.0001 2 0 1.41421
77.0001 10 0 3.16228
78.0001 6 0 2.44949
79.0001 2 0 1.41421
80.0001 6 0 2.44949
81.0001 4 0 2
82.0001 5 0 2.23607
83.0001 7 0 2.64575
84.0001 3 0 1.73205
85.0001 6 0 2.44949
86.0001 4 0 2
87.0001 4 0 2
88.0001 3 0 1.73205
89.0001 3 0 1.73205
90.0001 1 0 1
91.0001 6 0 2.44949
92.0001 3 0 1.73205
93.0001 8 0 2.82843
94.0001 3 0 1.73205
95.0001 3 0 1.73205
96.0001 5 0 2.23607
97.0001 5 0 2.23607
98.0001 3 0 1.73205
99.0001 7 0 2.64575
100 5 0 2.23607
101 3 0 1.73205
103 4 0 2
104 4 0 2
105 5 0 2.23607
106 5 0 2.23607
107 2 0 1.41421
108 1 0 1
110 1 0 1
111 2 0 1.41421
112 2 0 1.41421
113 2 0 1.41421
114 2 0 1.41421
115 1 0 1
116 2 0 1.41421
117 3 0 1.73205
118 1 0 1
119 6 0 2.44949
120 1 0 1
121 2 0 1.41421
122 1 0 1
123 2 0 1.41421
124 1 0 1
125 3 0 1.73205
126 4 0 2
127 3 0 1.73205
128 3 0 1.73205
129 1 0 1
130 2 0 1.41421
131 3 0 1.73205
132 1 0 1
133 1 0 1
134 3 0 1.73205
135 1 0 1
136 2 0 1.41421
137 3 0 1.73205
138 1 0 1
139 1 0 1
140 1 0 1
141 2 0 1.41421
143 2 0 1.41421
144 2 0 1.41421
145 3 0 1.73205
147 2 0 1.41421
148 2 0 1.41421
149 2 0 1.41421
150 2 0 1.41421
151 1 0 1
152 1 0 1
153 2 0 1.41421
154 2 0 1.41421
155 2 0 1.41421
156 1 0 1
158 2 0 1.41421
161 3 0 1.73205
162 4 0 2
163 3 0 1.73205
164 2 0 1.41421
165 1 0 1
166 1 0 1
169 3 0 1.73205
172 1 0 1
174 1 0 1
177 1 0 1
178 1 0 1
179 1 0 1
180 3 0 1.73205
185 1 0 1
189 1 0 1
191 2 0 1.41421
192 1 0 1
193 1 0 1
194 1 0 1
195 1 0 1
196 2 0 1.41421
200 2 0 1.41421
201 1 0 1
204 1 0 1
205 1 0 1
206 1 0 1
210 1 0 1
211 1 0 1
212 3 0 1.73205
215 2 0 1.41421
216 1 0 1
219 1 0 1
222 1 0 1
225 1 0 1
226 3 0 1.73205
227 1 0 1
230 1 0 1
231 2 0 1.41421
232 1 0 1
233 1 0 1
236 1 0 1
244 1 0 1
245 1 0 1
247 1 0 1
249 1 0 1
250 1 0 1
259 1 0 1
261 1 0 1
262 1 0 1
263 1 0 1
269 1 0 1
271 1 0 1
272 1 0 1
278 1 0 1
279 1 0 1
283 1 0 1
286 1 0 1
289 1 0 1
291 1 0 1
301 1 0 1
315 1 0 1
316 1 0 1
323 1 0 1
327 3 0 1.73205
328 1 0 1
329 2 0 1.41421
332 1 0 1
335 1 0 1
336 1 0 1
342 1 0 1
348 1 0 1
354 1 0 1
356 2 0 1.41421
358 1 0 1
360 2 0 1.41421
364 1 0 1
366 1 0 1
367 1 0 1
374 2 0 1.41421
375 1 0 1
376 1 0 1
378 1 0 1
382 1 0 1
383 1 0 1
389 1 0 1
392 1 0 1
399 1 0 1
400 1 0 1
408 1 0 1
413 1 0 1
421 1 0 1
442 1 0 1
448 1 0 1
454 2 0 1.41421
460 1 0 1
463 1 0 1
467 1 0 1
472 1 0 1
477 1 0 1
480 1 0 1
489 1 0 1
490 1 0 1
513.001 1 0 1
516.001 1 0 1
526.001 1 0 1
536.001 1 0 1
540.001 1 0 1
544.001 1 0 1
548.001 1 0 1
557.001 1 0 1
559.001 2 0 1.41421
568.001 1 0 1
570.001 1 0 1
577.001 1 0 1
582.001 1 0 1
590.001 2 0 1.41421
592.001 1 0 1
598.001 1 0 1
603.001 1 0 1
604.001 1 0 1
623.001 1 0 1
625.001 1 0 1
685.001 1 0 1
687.001 1 0 1
702.001 1 0 1
711.001 1 0 1
727.001 1 0 1
756.001 1 0 1
760.001 1 0 1
763.001 1 0 1
770.001 1 0 1
797.001 1 0 1
801.001 1 0 1
810.001 1 0 1
838.001 1 0 1
885.001 1 0 1
907.001 1 0 1
933.001 1 0 1
949.001 1 0 1
957.001 1 0 1
989.001 1 0 1
1051 1 0 1
1142 1 0 1
1200 1 0 1
1202 1 0 1
1207 1 0 1
1212 1 0 1
1269 1 0 1
1312 1 0 1
1381 1 0 1
1426 1 0 1
1438 1 0 1
1447 1 0 1
1544 1 0 1
1646 1 0 1
1714 1 0 1
1785 1 0 1
1828 1 0 1
1849 1 0 1
1918 1 0 1
2035 1 0 1
2115 1 0 1
2265 1 0 1
2296 1 0 1
2308 1 0 1
2380 1 0 1
2528 1 0 1
2992 1 0 1
3127 1 0 1
3180 1 0 1
3276 1 0 1
3910 1 0 1
4091 1 0 1
4507 1 0 1
4876 1 0 1
5377.01 1 0 1
7746.01 1 0 1
7803.01 1 0 1
9912.01 1 0 1
11439 1 0 1
14519 1 0 1
14757 1 0 1
18721 1 0 1
229928 1 0 1
