1 27407 0 165.551
2 6628 0 81.4125
3 4068 0 63.7809
4 2737 0 52.3163
5 1947 0 44.1248
6.00001 1552 0 39.3954
7.00001 1157 0 34.0147
8.00001 941 0 30.6757
9.00001 818 0 28.6007
10 676 0 26
11 586 0 24.2074
12 475 0 21.7945
13 472 0 21.7256
14 399 0 19.975
15 370 0 19.2354
16 351 0 18.735
17 298 0 17.2627
18 275 0 16.5831
19 264 0 16.2481
20 212 0 14.5602
21 203 0 14.2478
22 199 0 14.1067
23 161 0 12.6886
24 161 0 12.6886
25 124 0 11.1355
26 150 0 12.2474
27 146 0 12.083
28 130 0 11.4018
29 111 0 10.5357
30 115 0 10.7238
31 97 0 9.84886
32 110 0 10.4881
33 91 0 9.53939
34 98 0 9.89949
35 101 0 10.0499
36 87 0 9.32738
37 69 0 8.30662
38 69 0 8.30662
39 70 0 8.3666
40 63 0 7.93725
41 63 0 7.93725
42 76 0 8.7178
43 63 0 7.93725
44 64 0 8
45 65 0 8.06226
46 56 0 7.48331
47 49 0 7
48 40 0 6.32456
49 59 0 7.68115
50 46 0 6.78233
51.0001 36 0 6
52.0001 44 0 6.63325
53.0001 52 0 7.2111
54.0001 35 0 5.91608
55.0001 38 0 6.16441
56.0001 36 0 6
57.0001 46 0 6.78233
58.0001 41 0 6.40312
59.0001 32 0 5.65685
60.0001 21 0 4.58258
61.0001 33 0 5.74456
62.0001 34 0 5.83095
63.0001 30 0 5.47723
64.0001 36 0 6
65.0001 33 0 5.74456
66.0001 26 0 5.09902
67.0001 29 0 5.38516
68.0001 25 0 5
69.0001 15 0 3.87298
70.0001 26 0 5.09902
71.0001 22 0 4.69042
72.0001 34 0 5.83095
73.0001 19 0 4.3589
74.0001 23 0 4.79583
75.0001 25 0 5
76.0001 25 0 5
77.0001 20 0 4.47214
78.0001 21 0 4.58258
79.0001 14 0 3.74166
80.0001 15 0 3.87298
81.0001 17 0 4.12311
82.0001 12 0 3.4641
83.0001 21 0 4.58258
84.0001 23 0 4.79583
85.0001 21 0 4.58258
86.0001 17 0 4.12311
87.0001 15 0 3.87298
88.0001 14 0 3.74166
89.0001 17 0 4.12311
90.0001 14 0 3.74166
91.0001 23 0 4.79583
92.0001 14 0 3.74166
93.0001 17 0 4.12311
94.0001 11 0 3.31662
95.0001 10 0 3.16228
96.0001 15 0 3.87298
97.0001 15 0 3.87298
98.0001 14 0 3.74166
99.0001 12 0 3.4641
100 15 0 3.87298
101 23 0 4.79583
102 15 0 3.87298
103 15 0 3.87298
104 11 0 3.31662
105 15 0 3.87298
106 9 0 3
107 8 0 2.82843
108 19 0 4.3589
109 13 0 3.60555
110 11 0 3.31662
111 6 0 2.44949
112 14 0 3.74166
113 4 0 2
114 12 0 3.4641
115 12 0 3.4641
116 5 0 2.23607
117 10 0 3.16228
118 8 0 2.82843
119 11 0 3.31662
120 6 0 2.44949
121 9 0 3
122 8 0 2.82843
123 3 0 1.73205
124 8 0 2.82843
125 12 0 3.4641
126 8 0 2.82843
127 9 0 3
128 9 0 3
129 6 0 2.44949
130 5 0 2.23607
131 7 0 2.64575
132 7 0 2.64575
133 7 0 2.64575
134 8 0 2.82843
135 7 0 2.64575
136 9 0 3
137 10 0 3.16228
138 7 0 2.64575
139 5 0 2.23607
140 5 0 2.23607
141 3 0 1.73205
142 8 0 2.82843
143 9 0 3
144 7 0 2.64575
145 4 0 2
146 4 0 2
148 2 0 1.41421
149 6 0 2.44949
150 4 0 2
151 8 0 2.82843
152 5 0 2.23607
153 8 0 2.82843
154 5 0 2.23607
155 6 0 2.44949
156 7 0 2.64575
157 5 0 2.23607
158 4 0 2
159 5 0 2.23607
160 4 0 2
161 5 0 2.23607
162 9 0 3
163 9 0 3
164 4 0 2
165 9 0 3
166 2 0 1.41421
167 7 0 2.64575
168 12 0 3.4641
169 3 0 1.73205
170 3 0 1.73205
171 3 0 1.73205
172 3 0 1.73205
173 4 0 2
174 7 0 2.64575
175 2 0 1.41421
176 4 0 2
177 6 0 2.44949
178 2 0 1.41421
179 3 0 1.73205
180 4 0 2
181 5 0 2.23607
182 2 0 1.41421
183 3 0 1.73205
184 8 0 2.82843
185 9 0 3
186 9 0 3
187 2 0 1.41421
188 5 0 2.23607
189 1 0 1
190 1 0 1
191 4 0 2
192 4 0 2
193 1 0 1
194 3 0 1.73205
195 5 0 2.23607
196 2 0 1.41421
198 3 0 1.73205
199 4 0 2
200 4 0 2
201 5 0 2.23607
202 3 0 1.73205
203 1 0 1
204 4 0 2
205 2 0 1.41421
206 4 0 2
207 2 0 1.41421
208 2 0 1.41421
209 3 0 1.73205
210 5 0 2.23607
211 2 0 1.41421
212 1 0 1
213 1 0 1
214 3 0 1.73205
215 4 0 2
216 1 0 1
217 3 0 1.73205
218 1 0 1
219 3 0 1.73205
220 4 0 2
221 5 0 2.23607
222 3 0 1.73205
224 1 0 1
225 1 0 1
226 1 0 1
227 2 0 1.41421
228 1 0 1
229 1 0 1
230 2 0 1.41421
231 1 0 1
232 3 0 1.73205
233 2 0 1.41421
234 4 0 2
235 4 0 2
236 5 0 2.23607
237 4 0 2
238 2 0 1.41421
242 5 0 2.23607
243 2 0 1.41421
244 3 0 1.73205
245 2 0 1.41421
246 1 0 1
247 1 0 1
248 3 0 1.73205
250 1 0 1
252 1 0 1
255 1 0 1
256 1 0 1
257 1 0 1
258 1 0 1
259 2 0 1.41421
260 2 0 1.41421
262 1 0 1
263 2 0 1.41421
266 2 0 1.41421
267 1 0 1
268 2 0 1.41421
269 1 0 1
270 1 0 1
271 3 0 1.73205
272 1 0 1
273 2 0 1.41421
274 1 0 1
275 1 0 1
278 3 0 1.73205
279 1 0 1
280 2 0 1.41421
282 1 0 1
283 4 0 2
285 3 0 1.73205
287 1 0 1
289 1 0 1
290 1 0 1
292 1 0 1
293 1 0 1
294 4 0 2
296 1 0 1
299 1 0 1
301 1 0 1
302 1 0 1
303 2 0 1.41421
304 1 0 1
305 1 0 1
306 1 0 1
311 3 0 1.73205
312 1 0 1
313 1 0 1
317 2 0 1.41421
318 1 0 1
319 1 0 1
320 1 0 1
322 2 0 1.41421
323 4 0 2
325 1 0 1
326 1 0 1
327 1 0 1
329 1 0 1
330 1 0 1
333 1 0 1
334 1 0 1
335 1 0 1
336 1 0 1
337 3 0 1.73205
339 1 0 1
341 1 0 1
342 1 0 1
343 1 0 1
345 1 0 1
346 2 0 1.41421
348 2 0 1.41421
350 1 0 1
357 1 0 1
359 2 0 1.41421
360 2 0 1.41421
361 2 0 1.41421
362 1 0 1
363 1 0 1
365 1 0 1
366 1 0 1
368 1 0 1
369 1 0 1
372 3 0 1.73205
375 1 0 1
378 1 0 1
381 1 0 1
386 3 0 1.73205
387 1 0 1
389 1 0 1
390 1 0 1
395 1 0 1
396 1 0 1
398 1 0 1
407 1 0 1
408 1 0 1
413 1 0 1
416 1 0 1
424 1 0 1
430 1 0 1
431 1 0 1
438 1 0 1
440 1 0 1
441 1 0 1
442 2 0 1.41421
445 1 0 1
446 1 0 1
448 2 0 1.41421
450 1 0 1
451 1 0 1
452 2 0 1.41421
455 1 0 1
464 1 0 1
483 1 0 1
487 1 0 1
490 1 0 1
533.001 1 0 1
538.001 1 0 1
549.001 1 0 1
551.001 1 0 1
552.001 1 0 1
561.001 1 0 1
565.001 1 0 1
590.001 2 0 1.41421
629.001 1 0 1
698.001 1 0 1
735.001 1 0 1
776.001 1 0 1
