1 93179 0 305.252
2 26448 0 162.628
3 14546 0 120.607
4 8397 0 91.6351
5 4902 0 70.0143
6.00001 3208 0 56.6392
7.00001 2035 0 45.111
8.00001 1356 0 36.8239
9.00001 905 0 30.0832
10 636 0 25.219
11 417 0 20.4206
12 311 0 17.6352
13 212 0 14.5602
14 147 0 12.1244
15 125 0 11.1803
16 84 0 9.16515
17 57 0 7.54983
18 29 0 5.38516
19 23 0 4.79583
20 22 0 4.69042
21 20 0 4.47214
22 8 0 2.82843
23 5 0 2.23607
24 9 0 3
25 3 0 1.73205
26 2 0 1.41421
27 1 0 1
28 5 0 2.23607
30 1 0 1
33 1 0 1
34 1 0 1
37 1 0 1
