1 20980 0 144.845
2 4610 0 67.897
3 2831 0 53.2071
4 1781 0 42.2019
5 1311 0 36.2077
6.00001 923 0 30.3809
7.00001 734 0 27.0924
8.00001 597 0 24.4336
9.00001 541 0 23.2594
10 407 0 20.1742
11 329 0 18.1384
12 276 0 16.6132
13 255 0 15.9687
14 214 0 14.6287
15 194 0 13.9284
16 178 0 13.3417
17 172 0 13.1149
18 155 0 12.4499
19 140 0 11.8322
20 113 0 10.6301
21 111 0 10.5357
22 116 0 10.7703
23 100 0 10
24 90 0 9.48683
25 87 0 9.32738
26 76 0 8.7178
27 73 0 8.544
28 79 0 8.88819
29 70 0 8.3666
30 64 0 8
31 55 0 7.4162
32 53 0 7.28011
33 36 0 6
34 50 0 7.07107
35 35 0 5.91608
36 44 0 6.63325
37 44 0 6.63325
38 37 0 6.08276
39 38 0 6.16441
40 36 0 6
41 27 0 5.19615
42 26 0 5.09902
43 33 0 5.74456
44 39 0 6.245
45 37 0 6.08276
46 34 0 5.83095
47 31 0 5.56776
48 24 0 4.89898
49 27 0 5.19615
50 27 0 5.19615
51.0001 28 0 5.2915
52.0001 26 0 5.09902
53.0001 20 0 4.47214
54.0001 18 0 4.24264
55.0001 18 0 4.24264
56.0001 27 0 5.19615
57.0001 31 0 5.56776
58.0001 19 0 4.3589
59.0001 25 0 5
60.0001 23 0 4.79583
61.0001 24 0 4.89898
62.0001 18 0 4.24264
63.0001 14 0 3.74166
64.0001 22 0 4.69042
65.0001 15 0 3.87298
66.0001 17 0 4.12311
67.0001 17 0 4.12311
68.0001 21 0 4.58258
69.0001 21 0 4.58258
70.0001 10 0 3.16228
71.0001 16 0 4
72.0001 12 0 3.4641
73.0001 16 0 4
74.0001 11 0 3.31662
75.0001 14 0 3.74166
76.0001 13 0 3.60555
77.0001 17 0 4.12311
78.0001 12 0 3.4641
79.0001 8 0 2.82843
80.0001 11 0 3.31662
81.0001 9 0 3
82.0001 15 0 3.87298
83.0001 12 0 3.4641
84.0001 10 0 3.16228
85.0001 8 0 2.82843
86.0001 4 0 2
87.0001 8 0 2.82843
88.0001 11 0 3.31662
89.0001 10 0 3.16228
90.0001 12 0 3.4641
91.0001 8 0 2.82843
92.0001 8 0 2.82843
93.0001 6 0 2.44949
94.0001 9 0 3
95.0001 6 0 2.44949
96.0001 11 0 3.31662
97.0001 4 0 2
98.0001 12 0 3.4641
99.0001 7 0 2.64575
100 9 0 3
101 6 0 2.44949
102 2 0 1.41421
103 5 0 2.23607
104 3 0 1.73205
105 2 0 1.41421
106 8 0 2.82843
107 5 0 2.23607
108 3 0 1.73205
109 7 0 2.64575
110 5 0 2.23607
111 6 0 2.44949
112 5 0 2.23607
113 11 0 3.31662
114 3 0 1.73205
115 7 0 2.64575
116 3 0 1.73205
117 6 0 2.44949
118 10 0 3.16228
119 5 0 2.23607
120 3 0 1.73205
121 9 0 3
122 6 0 2.44949
123 2 0 1.41421
124 6 0 2.44949
125 7 0 2.64575
126 6 0 2.44949
127 10 0 3.16228
128 6 0 2.44949
129 7 0 2.64575
130 4 0 2
131 4 0 2
132 6 0 2.44949
133 4 0 2
134 4 0 2
135 2 0 1.41421
136 5 0 2.23607
137 10 0 3.16228
138 5 0 2.23607
139 4 0 2
140 7 0 2.64575
141 1 0 1
142 5 0 2.23607
143 6 0 2.44949
144 2 0 1.41421
145 5 0 2.23607
146 10 0 3.16228
147 8 0 2.82843
148 3 0 1.73205
149 8 0 2.82843
150 4 0 2
151 4 0 2
152 3 0 1.73205
153 2 0 1.41421
154 2 0 1.41421
155 7 0 2.64575
156 3 0 1.73205
157 6 0 2.44949
158 7 0 2.64575
159 3 0 1.73205
160 2 0 1.41421
161 2 0 1.41421
162 5 0 2.23607
163 1 0 1
164 4 0 2
165 1 0 1
166 5 0 2.23607
167 2 0 1.41421
168 6 0 2.44949
169 3 0 1.73205
170 2 0 1.41421
171 1 0 1
172 6 0 2.44949
173 4 0 2
174 4 0 2
175 3 0 1.73205
177 1 0 1
178 7 0 2.64575
179 4 0 2
180 4 0 2
181 3 0 1.73205
182 1 0 1
184 5 0 2.23607
185 1 0 1
186 4 0 2
187 2 0 1.41421
188 3 0 1.73205
189 6 0 2.44949
190 2 0 1.41421
191 2 0 1.41421
192 2 0 1.41421
193 2 0 1.41421
194 3 0 1.73205
195 2 0 1.41421
196 1 0 1
197 4 0 2
198 3 0 1.73205
199 1 0 1
201 4 0 2
202 3 0 1.73205
203 1 0 1
204 1 0 1
205 1 0 1
206 3 0 1.73205
207 2 0 1.41421
208 3 0 1.73205
209 1 0 1
210 3 0 1.73205
212 3 0 1.73205
213 1 0 1
214 1 0 1
216 1 0 1
218 3 0 1.73205
219 2 0 1.41421
221 3 0 1.73205
222 2 0 1.41421
223 2 0 1.41421
224 3 0 1.73205
225 3 0 1.73205
226 3 0 1.73205
227 2 0 1.41421
228 2 0 1.41421
229 1 0 1
230 2 0 1.41421
231 2 0 1.41421
232 1 0 1
234 4 0 2
236 3 0 1.73205
237 1 0 1
239 3 0 1.73205
240 3 0 1.73205
241 2 0 1.41421
242 2 0 1.41421
243 2 0 1.41421
244 1 0 1
245 4 0 2
246 1 0 1
247 1 0 1
249 1 0 1
250 2 0 1.41421
251 4 0 2
253 2 0 1.41421
254 2 0 1.41421
255 1 0 1
256 1 0 1
257 1 0 1
258 2 0 1.41421
259 1 0 1
260 2 0 1.41421
261 4 0 2
262 1 0 1
263 3 0 1.73205
264 2 0 1.41421
265 2 0 1.41421
266 1 0 1
267 1 0 1
269 4 0 2
270 1 0 1
271 1 0 1
272 2 0 1.41421
273 2 0 1.41421
274 1 0 1
275 2 0 1.41421
276 1 0 1
277 1 0 1
279 3 0 1.73205
280 3 0 1.73205
281 5 0 2.23607
282 2 0 1.41421
283 1 0 1
284 1 0 1
285 3 0 1.73205
286 1 0 1
287 1 0 1
289 1 0 1
291 1 0 1
292 3 0 1.73205
293 1 0 1
294 3 0 1.73205
295 1 0 1
296 3 0 1.73205
297 1 0 1
298 1 0 1
299 3 0 1.73205
301 2 0 1.41421
302 1 0 1
303 2 0 1.41421
306 1 0 1
307 1 0 1
311 1 0 1
312 1 0 1
313 1 0 1
315 1 0 1
317 1 0 1
318 3 0 1.73205
321 2 0 1.41421
322 2 0 1.41421
325 1 0 1
327 1 0 1
328 1 0 1
330 1 0 1
332 1 0 1
336 2 0 1.41421
338 1 0 1
340 1 0 1
341 2 0 1.41421
342 2 0 1.41421
343 2 0 1.41421
346 2 0 1.41421
347 1 0 1
348 2 0 1.41421
350 2 0 1.41421
351 1 0 1
353 2 0 1.41421
356 2 0 1.41421
361 1 0 1
365 1 0 1
367 1 0 1
370 1 0 1
375 1 0 1
378 1 0 1
380 2 0 1.41421
382 1 0 1
383 2 0 1.41421
387 1 0 1
391 1 0 1
393 2 0 1.41421
394 1 0 1
396 1 0 1
399 1 0 1
401 1 0 1
402 2 0 1.41421
404 1 0 1
405 1 0 1
411 2 0 1.41421
413 1 0 1
416 2 0 1.41421
419 1 0 1
420 1 0 1
421 1 0 1
422 3 0 1.73205
423 1 0 1
424 2 0 1.41421
426 1 0 1
427 2 0 1.41421
432 2 0 1.41421
434 1 0 1
437 1 0 1
441 1 0 1
442 1 0 1
444 3 0 1.73205
445 1 0 1
447 1 0 1
449 1 0 1
450 1 0 1
451 2 0 1.41421
453 2 0 1.41421
455 1 0 1
456 1 0 1
457 1 0 1
460 2 0 1.41421
461 1 0 1
462 1 0 1
463 2 0 1.41421
466 1 0 1
467 1 0 1
469 1 0 1
470 1 0 1
474 1 0 1
475 1 0 1
480 1 0 1
483 1 0 1
484 1 0 1
488 2 0 1.41421
491 1 0 1
492 1 0 1
493 3 0 1.73205
494 2 0 1.41421
495 1 0 1
499 1 0 1
509.001 1 0 1
510.001 1 0 1
515.001 1 0 1
516.001 1 0 1
517.001 2 0 1.41421
522.001 1 0 1
523.001 2 0 1.41421
531.001 1 0 1
532.001 2 0 1.41421
535.001 1 0 1
542.001 1 0 1
545.001 1 0 1
557.001 1 0 1
560.001 1 0 1
566.001 1 0 1
568.001 1 0 1
571.001 1 0 1
575.001 3 0 1.73205
576.001 1 0 1
583.001 1 0 1
584.001 1 0 1
596.001 2 0 1.41421
599.001 2 0 1.41421
604.001 3 0 1.73205
605.001 1 0 1
611.001 1 0 1
616.001 1 0 1
619.001 1 0 1
620.001 1 0 1
622.001 1 0 1
626.001 1 0 1
627.001 1 0 1
639.001 1 0 1
644.001 1 0 1
654.001 1 0 1
655.001 1 0 1
656.001 1 0 1
659.001 1 0 1
665.001 1 0 1
666.001 1 0 1
676.001 1 0 1
677.001 1 0 1
679.001 2 0 1.41421
683.001 1 0 1
686.001 1 0 1
687.001 1 0 1
690.001 1 0 1
696.001 1 0 1
697.001 1 0 1
700.001 1 0 1
705.001 1 0 1
706.001 1 0 1
707.001 1 0 1
710.001 1 0 1
719.001 2 0 1.41421
722.001 2 0 1.41421
728.001 1 0 1
732.001 1 0 1
735.001 1 0 1
736.001 1 0 1
739.001 1 0 1
740.001 1 0 1
744.001 1 0 1
745.001 1 0 1
746.001 3 0 1.73205
754.001 1 0 1
763.001 1 0 1
765.001 1 0 1
767.001 3 0 1.73205
772.001 1 0 1
775.001 1 0 1
778.001 1 0 1
780.001 1 0 1
781.001 1 0 1
783.001 1 0 1
785.001 1 0 1
787.001 1 0 1
791.001 1 0 1
799.001 2 0 1.41421
803.001 1 0 1
806.001 1 0 1
807.001 1 0 1
819.001 1 0 1
827.001 1 0 1
838.001 1 0 1
839.001 1 0 1
854.001 1 0 1
856.001 1 0 1
857.001 1 0 1
874.001 1 0 1
898.001 1 0 1
915.001 1 0 1
961.001 1 0 1
965.001 1 0 1
976.001 1 0 1
979.001 1 0 1
988.001 1 0 1
1002 1 0 1
1018 1 0 1
1019 1 0 1
1023 1 0 1
1028 1 0 1
1039 1 0 1
1047 1 0 1
1061 1 0 1
1068 1 0 1
1072 1 0 1
1076 1 0 1
1080 1 0 1
1083 1 0 1
1091 1 0 1
1095 1 0 1
1145 1 0 1
1146 1 0 1
1147 1 0 1
1169 1 0 1
1181 1 0 1
1204 1 0 1
1212 1 0 1
1230 1 0 1
1234 1 0 1
1239 1 0 1
1241 1 0 1
1266 1 0 1
1273 1 0 1
1286 1 0 1
1304 1 0 1
1313 1 0 1
1316 1 0 1
1359 1 0 1
1378 1 0 1
1383 2 0 1.41421
1403 1 0 1
1404 1 0 1
1405 1 0 1
1437 1 0 1
1455 1 0 1
1486 1 0 1
1495 1 0 1
1500 1 0 1
1507 1 0 1
1538 1 0 1
1588 1 0 1
1623 1 0 1
1652 1 0 1
1663 1 0 1
1676 1 0 1
1717 1 0 1
1762 1 0 1
1769 1 0 1
1775 1 0 1
1844 1 0 1
1867 1 0 1
1872 1 0 1
2190 1 0 1
2197 1 0 1
2321 1 0 1
2418 1 0 1
2564 1 0 1
2580 1 0 1
2639 1 0 1
2694 1 0 1
3090 1 0 1
3216 1 0 1
3425 1 0 1
3707 1 0 1
6847.01 1 0 1
