1 15516 0 124.563
2 2937 0 54.1941
3 1671 0 40.8779
4 1055 0 32.4808
5 747 0 27.3313
6.00001 551 0 23.4734
7.00001 452 0 21.2603
8.00001 302 0 17.3781
9.00001 244 0 15.6205
10 198 0 14.0712
11 164 0 12.8062
12 162 0 12.7279
13 124 0 11.1355
14 131 0 11.4455
15 113 0 10.6301
16 77 0 8.77496
17 76 0 8.7178
18 71 0 8.42615
19 66 0 8.12404
20 62 0 7.87401
21 48 0 6.9282
22 39 0 6.245
23 53 0 7.28011
24 33 0 5.74456
25 32 0 5.65685
26 37 0 6.08276
27 25 0 5
28 27 0 5.19615
29 24 0 4.89898
30 28 0 5.2915
31 19 0 4.3589
32 20 0 4.47214
33 16 0 4
34 19 0 4.3589
35 20 0 4.47214
36 22 0 4.69042
37 16 0 4
38 18 0 4.24264
39 12 0 3.4641
40 13 0 3.60555
41 10 0 3.16228
42 11 0 3.31662
43 18 0 4.24264
44 12 0 3.4641
45 5 0 2.23607
46 5 0 2.23607
47 12 0 3.4641
48 11 0 3.31662
49 8 0 2.82843
50 8 0 2.82843
51.0001 10 0 3.16228
52.0001 13 0 3.60555
53.0001 10 0 3.16228
54.0001 9 0 3
55.0001 9 0 3
56.0001 9 0 3
57.0001 8 0 2.82843
58.0001 3 0 1.73205
59.0001 9 0 3
60.0001 9 0 3
61.0001 5 0 2.23607
62.0001 5 0 2.23607
63.0001 8 0 2.82843
64.0001 8 0 2.82843
65.0001 3 0 1.73205
66.0001 2 0 1.41421
67.0001 5 0 2.23607
68.0001 3 0 1.73205
69.0001 2 0 1.41421
70.0001 9 0 3
71.0001 1 0 1
72.0001 1 0 1
73.0001 6 0 2.44949
74.0001 1 0 1
75.0001 2 0 1.41421
76.0001 4 0 2
77.0001 4 0 2
78.0001 5 0 2.23607
79.0001 4 0 2
81.0001 3 0 1.73205
82.0001 7 0 2.64575
83.0001 3 0 1.73205
84.0001 4 0 2
85.0001 3 0 1.73205
86.0001 2 0 1.41421
87.0001 3 0 1.73205
88.0001 1 0 1
89.0001 3 0 1.73205
90.0001 2 0 1.41421
91.0001 3 0 1.73205
92.0001 2 0 1.41421
94.0001 1 0 1
95.0001 4 0 2
96.0001 4 0 2
97.0001 3 0 1.73205
98.0001 2 0 1.41421
99.0001 2 0 1.41421
100 2 0 1.41421
102 4 0 2
103 3 0 1.73205
104 2 0 1.41421
105 2 0 1.41421
106 1 0 1
107 2 0 1.41421
108 6 0 2.44949
109 1 0 1
110 3 0 1.73205
111 2 0 1.41421
112 1 0 1
113 3 0 1.73205
114 1 0 1
115 2 0 1.41421
116 3 0 1.73205
117 1 0 1
118 1 0 1
119 1 0 1
120 1 0 1
121 2 0 1.41421
122 2 0 1.41421
124 3 0 1.73205
125 2 0 1.41421
128 1 0 1
129 1 0 1
130 1 0 1
131 1 0 1
132 1 0 1
135 2 0 1.41421
137 1 0 1
138 3 0 1.73205
139 1 0 1
140 2 0 1.41421
142 3 0 1.73205
144 1 0 1
146 2 0 1.41421
147 2 0 1.41421
149 1 0 1
151 1 0 1
153 1 0 1
155 3 0 1.73205
156 3 0 1.73205
157 1 0 1
158 1 0 1
160 1 0 1
161 2 0 1.41421
163 3 0 1.73205
164 1 0 1
165 2 0 1.41421
167 1 0 1
170 2 0 1.41421
171 1 0 1
172 1 0 1
174 2 0 1.41421
175 1 0 1
176 1 0 1
178 1 0 1
180 1 0 1
181 1 0 1
183 1 0 1
189 1 0 1
191 1 0 1
192 1 0 1
193 1 0 1
194 1 0 1
196 1 0 1
197 1 0 1
198 1 0 1
199 1 0 1
200 1 0 1
202 3 0 1.73205
204 2 0 1.41421
208 1 0 1
209 2 0 1.41421
215 1 0 1
218 1 0 1
219 1 0 1
223 3 0 1.73205
229 2 0 1.41421
232 2 0 1.41421
247 1 0 1
251 2 0 1.41421
254 1 0 1
258 2 0 1.41421
259 1 0 1
260 1 0 1
262 1 0 1
263 1 0 1
264 1 0 1
268 1 0 1
270 1 0 1
273 3 0 1.73205
275 1 0 1
277 1 0 1
280 2 0 1.41421
281 1 0 1
286 2 0 1.41421
295 1 0 1
296 1 0 1
301 1 0 1
309 1 0 1
317 1 0 1
323 2 0 1.41421
343 1 0 1
348 1 0 1
355 1 0 1
370 1 0 1
378 1 0 1
390 1 0 1
417 1 0 1
420 1 0 1
431 1 0 1
434 1 0 1
452 1 0 1
456 1 0 1
457 1 0 1
462 1 0 1
471 1 0 1
475 1 0 1
477 2 0 1.41421
482 1 0 1
484 1 0 1
526.001 1 0 1
552.001 1 0 1
553.001 1 0 1
597.001 1 0 1
652.001 1 0 1
709.001 1 0 1
711.001 1 0 1
727.001 1 0 1
728.001 1 0 1
748.001 1 0 1
764.001 1 0 1
778.001 1 0 1
782.001 1 0 1
786.001 1 0 1
798.001 1 0 1
852.001 1 0 1
907.001 1 0 1
968.001 1 0 1
970.001 1 0 1
971.001 1 0 1
977.001 1 0 1
1007 1 0 1
1034 1 0 1
1046 1 0 1
1076 1 0 1
1183 1 0 1
1394 1 0 1
1527 1 0 1
1537 1 0 1
1593 1 0 1
1613 1 0 1
1942 1 0 1
2175 1 0 1
2281 1 0 1
3387 1 0 1
5939.01 1 0 1
17674 1 0 1
30539 1 0 1
372997 1 0 1
