1 49887 0 223.354
2 13807 0 117.503
3 8601 0 92.7416
4 5890 0 76.7463
5 4216 0 64.9307
6.00001 3209 0 56.648
7.00001 2514 0 50.1398
8.00001 2074 0 45.5412
9.00001 1721 0 41.4849
10 1430 0 37.8153
11 1239 0 35.1994
12 1106 0 33.2566
13 921 0 30.348
14 788 0 28.0713
15 719 0 26.8142
16 626 0 25.02
17 594 0 24.3721
18 518 0 22.7596
19 454 0 21.3073
20 380 0 19.4936
21 383 0 19.5704
22 319 0 17.8606
23 300 0 17.3205
24 287 0 16.9411
25 292 0 17.088
26 225 0 15
27 219 0 14.7986
28 198 0 14.0712
29 207 0 14.3875
30 172 0 13.1149
31 196 0 14
32 159 0 12.6095
33 155 0 12.4499
34 127 0 11.2694
35 115 0 10.7238
36 122 0 11.0454
37 125 0 11.1803
38 76 0 8.7178
39 79 0 8.88819
40 98 0 9.89949
41 79 0 8.88819
42 88 0 9.38083
43 97 0 9.84886
44 74 0 8.60233
45 70 0 8.3666
46 55 0 7.4162
47 64 0 8
48 46 0 6.78233
49 46 0 6.78233
50 51 0 7.14143
51.0001 44 0 6.63325
52.0001 52 0 7.2111
53.0001 39 0 6.245
54.0001 47 0 6.85565
55.0001 43 0 6.55744
56.0001 44 0 6.63325
57.0001 38 0 6.16441
58.0001 31 0 5.56776
59.0001 36 0 6
60.0001 30 0 5.47723
61.0001 30 0 5.47723
62.0001 31 0 5.56776
63.0001 19 0 4.3589
64.0001 36 0 6
65.0001 24 0 4.89898
66.0001 15 0 3.87298
67.0001 22 0 4.69042
68.0001 19 0 4.3589
69.0001 16 0 4
70.0001 15 0 3.87298
71.0001 18 0 4.24264
72.0001 17 0 4.12311
73.0001 14 0 3.74166
74.0001 14 0 3.74166
75.0001 16 0 4
76.0001 20 0 4.47214
77.0001 7 0 2.64575
78.0001 9 0 3
79.0001 12 0 3.4641
80.0001 14 0 3.74166
81.0001 9 0 3
82.0001 9 0 3
83.0001 6 0 2.44949
84.0001 2 0 1.41421
85.0001 7 0 2.64575
86.0001 1 0 1
87.0001 7 0 2.64575
88.0001 9 0 3
89.0001 7 0 2.64575
90.0001 6 0 2.44949
91.0001 2 0 1.41421
92.0001 3 0 1.73205
93.0001 11 0 3.31662
94.0001 8 0 2.82843
95.0001 3 0 1.73205
96.0001 6 0 2.44949
97.0001 3 0 1.73205
98.0001 5 0 2.23607
99.0001 1 0 1
100 4 0 2
101 2 0 1.41421
102 3 0 1.73205
103 3 0 1.73205
104 3 0 1.73205
105 4 0 2
106 2 0 1.41421
107 5 0 2.23607
108 4 0 2
109 7 0 2.64575
110 3 0 1.73205
111 3 0 1.73205
112 4 0 2
113 2 0 1.41421
114 2 0 1.41421
115 3 0 1.73205
116 2 0 1.41421
117 6 0 2.44949
118 2 0 1.41421
119 4 0 2
120 1 0 1
121 1 0 1
122 1 0 1
123 1 0 1
124 2 0 1.41421
125 1 0 1
126 1 0 1
128 1 0 1
129 2 0 1.41421
131 1 0 1
133 2 0 1.41421
134 1 0 1
135 1 0 1
137 2 0 1.41421
138 1 0 1
139 1 0 1
141 1 0 1
145 1 0 1
150 1 0 1
155 1 0 1
156 1 0 1
159 1 0 1
164 1 0 1
165 1 0 1
202 1 0 1
212 1 0 1
