1 72030 0 268.384
2 21506 0 146.649
3 12180 0 110.363
4 7300 0 85.44
5 4572 0 67.6166
6.00001 3154 0 56.1605
7.00001 2168 0 46.5618
8.00001 1428 0 37.7889
9.00001 1076 0 32.8024
10 710 0 26.6458
11 574 0 23.9583
12 448 0 21.166
13 301 0 17.3494
14 266 0 16.3095
15 192 0 13.8564
16 134 0 11.5758
17 111 0 10.5357
18 72 0 8.48528
19 65 0 8.06226
20 42 0 6.48074
21 34 0 5.83095
22 37 0 6.08276
23 25 0 5
24 20 0 4.47214
25 13 0 3.60555
26 9 0 3
27 6 0 2.44949
28 6 0 2.44949
29 3 0 1.73205
30 3 0 1.73205
31 3 0 1.73205
32 1 0 1
33 3 0 1.73205
34 4 0 2
35 2 0 1.41421
36 2 0 1.41421
37 1 0 1
38 1 0 1
39 1 0 1
46 1 0 1
56.0001 1 0 1
