1 16387 0 128.012
2 3228 0 56.8155
3 1894 0 43.5201
4 1210 0 34.7851
5 836 0 28.9137
6.00001 582 0 24.1247
7.00001 425 0 20.6155
8.00001 335 0 18.303
9.00001 285 0 16.8819
10 218 0 14.7648
11 199 0 14.1067
12 178 0 13.3417
13 132 0 11.4891
14 122 0 11.0454
15 105 0 10.247
16 91 0 9.53939
17 83 0 9.11043
18 76 0 8.7178
19 70 0 8.3666
20 71 0 8.42615
21 54 0 7.34847
22 45 0 6.7082
23 67 0 8.18535
24 45 0 6.7082
25 51 0 7.14143
26 37 0 6.08276
27 36 0 6
28 29 0 5.38516
29 28 0 5.2915
30 26 0 5.09902
31 31 0 5.56776
32 28 0 5.2915
33 33 0 5.74456
34 14 0 3.74166
35 25 0 5
36 14 0 3.74166
37 24 0 4.89898
38 18 0 4.24264
39 26 0 5.09902
40 22 0 4.69042
41 8 0 2.82843
42 15 0 3.87298
43 10 0 3.16228
44 15 0 3.87298
45 18 0 4.24264
46 16 0 4
47 12 0 3.4641
48 8 0 2.82843
49 19 0 4.3589
50 7 0 2.64575
51.0001 8 0 2.82843
52.0001 10 0 3.16228
53.0001 8 0 2.82843
54.0001 13 0 3.60555
55.0001 8 0 2.82843
56.0001 11 0 3.31662
57.0001 3 0 1.73205
58.0001 6 0 2.44949
59.0001 10 0 3.16228
60.0001 9 0 3
61.0001 5 0 2.23607
62.0001 5 0 2.23607
63.0001 4 0 2
64.0001 6 0 2.44949
65.0001 9 0 3
66.0001 3 0 1.73205
67.0001 9 0 3
68.0001 9 0 3
69.0001 9 0 3
70.0001 7 0 2.64575
71.0001 1 0 1
72.0001 11 0 3.31662
73.0001 6 0 2.44949
74.0001 7 0 2.64575
75.0001 7 0 2.64575
76.0001 5 0 2.23607
77.0001 8 0 2.82843
78.0001 5 0 2.23607
79.0001 2 0 1.41421
80.0001 6 0 2.44949
81.0001 3 0 1.73205
82.0001 4 0 2
83.0001 3 0 1.73205
84.0001 1 0 1
85.0001 5 0 2.23607
86.0001 5 0 2.23607
87.0001 6 0 2.44949
88.0001 4 0 2
89.0001 3 0 1.73205
90.0001 3 0 1.73205
91.0001 3 0 1.73205
92.0001 5 0 2.23607
93.0001 2 0 1.41421
94.0001 2 0 1.41421
95.0001 2 0 1.41421
96.0001 1 0 1
97.0001 2 0 1.41421
98.0001 2 0 1.41421
99.0001 2 0 1.41421
100 5 0 2.23607
102 3 0 1.73205
104 1 0 1
105 5 0 2.23607
106 1 0 1
107 2 0 1.41421
108 4 0 2
109 4 0 2
110 2 0 1.41421
111 2 0 1.41421
112 3 0 1.73205
113 5 0 2.23607
115 3 0 1.73205
116 1 0 1
117 5 0 2.23607
118 2 0 1.41421
119 4 0 2
121 3 0 1.73205
122 2 0 1.41421
123 2 0 1.41421
124 3 0 1.73205
125 3 0 1.73205
127 2 0 1.41421
128 4 0 2
129 1 0 1
130 3 0 1.73205
131 1 0 1
132 3 0 1.73205
133 1 0 1
134 3 0 1.73205
135 1 0 1
136 3 0 1.73205
137 1 0 1
138 1 0 1
139 2 0 1.41421
140 2 0 1.41421
141 2 0 1.41421
142 3 0 1.73205
143 1 0 1
144 2 0 1.41421
146 2 0 1.41421
147 2 0 1.41421
149 2 0 1.41421
151 1 0 1
152 1 0 1
154 1 0 1
155 1 0 1
156 1 0 1
157 1 0 1
158 1 0 1
159 1 0 1
160 1 0 1
161 1 0 1
162 1 0 1
164 1 0 1
165 1 0 1
167 1 0 1
169 1 0 1
170 1 0 1
171 1 0 1
172 1 0 1
173 1 0 1
174 1 0 1
175 1 0 1
176 1 0 1
177 1 0 1
178 1 0 1
180 1 0 1
181 1 0 1
182 3 0 1.73205
183 1 0 1
184 1 0 1
187 3 0 1.73205
190 1 0 1
192 1 0 1
195 1 0 1
198 2 0 1.41421
199 1 0 1
200 1 0 1
202 1 0 1
205 1 0 1
208 2 0 1.41421
211 1 0 1
216 1 0 1
217 1 0 1
222 1 0 1
224 1 0 1
227 1 0 1
230 1 0 1
231 1 0 1
236 1 0 1
244 1 0 1
250 2 0 1.41421
251 1 0 1
254 2 0 1.41421
255 2 0 1.41421
256 1 0 1
257 1 0 1
261 1 0 1
263 1 0 1
264 1 0 1
270 1 0 1
272 1 0 1
274 1 0 1
283 1 0 1
289 1 0 1
292 1 0 1
297 1 0 1
300 1 0 1
303 1 0 1
310 1 0 1
317 1 0 1
323 1 0 1
326 2 0 1.41421
328 1 0 1
342 1 0 1
346 1 0 1
347 1 0 1
349 1 0 1
350 1 0 1
361 1 0 1
365 1 0 1
368 1 0 1
379 1 0 1
380 1 0 1
395 1 0 1
408 1 0 1
419 1 0 1
424 2 0 1.41421
436 1 0 1
440 1 0 1
448 1 0 1
452 1 0 1
469 1 0 1
471 1 0 1
476 1 0 1
491 1 0 1
500 2 0 1.41421
509.001 1 0 1
513.001 1 0 1
545.001 1 0 1
548.001 2 0 1.41421
549.001 1 0 1
566.001 1 0 1
580.001 1 0 1
583.001 1 0 1
588.001 1 0 1
592.001 1 0 1
596.001 1 0 1
607.001 1 0 1
611.001 1 0 1
632.001 1 0 1
633.001 1 0 1
647.001 1 0 1
666.001 1 0 1
667.001 1 0 1
677.001 1 0 1
722.001 1 0 1
775.001 1 0 1
778.001 1 0 1
781.001 1 0 1
836.001 1 0 1
838.001 1 0 1
885.001 1 0 1
900.001 1 0 1
951.001 1 0 1
961.001 1 0 1
975.001 1 0 1
1093 1 0 1
1161 1 0 1
1255 1 0 1
1343 1 0 1
1348 1 0 1
1356 1 0 1
1578 1 0 1
1759 1 0 1
1826 1 0 1
2053 2 0 1.41421
2206 1 0 1
2630 1 0 1
2636 1 0 1
3710 1 0 1
4106 1 0 1
5365.01 1 0 1
5556.01 1 0 1
6950.01 1 0 1
9816.01 1 0 1
14249 1 0 1
14987 1 0 1
19400 1 0 1
34058 1 0 1
114155 1 0 1
162966 1 0 1
