1 22504 0 150.013
2 4950 0 70.3562
3 3069 0 55.3986
4 1956 0 44.2267
5 1450 0 38.0789
6.00001 1151 0 33.9264
7.00001 782 0 27.9643
8.00001 672 0 25.923
9.00001 570 0 23.8747
10 478 0 21.8632
11 384 0 19.5959
12 344 0 18.5472
13 314 0 17.72
14 277 0 16.6433
15 250 0 15.8114
16 212 0 14.5602
17 203 0 14.2478
18 174 0 13.1909
19 153 0 12.3693
20 133 0 11.5326
21 134 0 11.5758
22 153 0 12.3693
23 136 0 11.6619
24 114 0 10.6771
25 80 0 8.94427
26 86 0 9.27362
27 129 0 11.3578
28 76 0 8.7178
29 70 0 8.3666
30 71 0 8.42615
31 62 0 7.87401
32 53 0 7.28011
33 53 0 7.28011
34 68 0 8.24621
35 49 0 7
36 52 0 7.2111
37 58 0 7.61577
38 44 0 6.63325
39 48 0 6.9282
40 43 0 6.55744
41 44 0 6.63325
42 45 0 6.7082
43 49 0 7
44 49 0 7
45 36 0 6
46 25 0 5
47 24 0 4.89898
48 39 0 6.245
49 30 0 5.47723
50 35 0 5.91608
51.0001 32 0 5.65685
52.0001 35 0 5.91608
53.0001 26 0 5.09902
54.0001 25 0 5
55.0001 31 0 5.56776
56.0001 24 0 4.89898
57.0001 28 0 5.2915
58.0001 24 0 4.89898
59.0001 23 0 4.79583
60.0001 27 0 5.19615
61.0001 21 0 4.58258
62.0001 27 0 5.19615
63.0001 22 0 4.69042
64.0001 25 0 5
65.0001 21 0 4.58258
66.0001 18 0 4.24264
67.0001 22 0 4.69042
68.0001 23 0 4.79583
69.0001 20 0 4.47214
70.0001 19 0 4.3589
71.0001 18 0 4.24264
72.0001 17 0 4.12311
73.0001 13 0 3.60555
74.0001 17 0 4.12311
75.0001 17 0 4.12311
76.0001 8 0 2.82843
77.0001 15 0 3.87298
78.0001 14 0 3.74166
79.0001 15 0 3.87298
80.0001 12 0 3.4641
81.0001 27 0 5.19615
82.0001 11 0 3.31662
83.0001 10 0 3.16228
84.0001 10 0 3.16228
85.0001 12 0 3.4641
86.0001 20 0 4.47214
87.0001 13 0 3.60555
88.0001 10 0 3.16228
89.0001 14 0 3.74166
90.0001 14 0 3.74166
91.0001 12 0 3.4641
92.0001 18 0 4.24264
93.0001 11 0 3.31662
94.0001 15 0 3.87298
95.0001 9 0 3
96.0001 15 0 3.87298
97.0001 14 0 3.74166
98.0001 8 0 2.82843
99.0001 11 0 3.31662
100 12 0 3.4641
101 12 0 3.4641
102 15 0 3.87298
103 8 0 2.82843
104 14 0 3.74166
105 8 0 2.82843
106 14 0 3.74166
107 7 0 2.64575
108 9 0 3
109 10 0 3.16228
110 10 0 3.16228
111 9 0 3
112 11 0 3.31662
113 8 0 2.82843
114 3 0 1.73205
115 8 0 2.82843
116 10 0 3.16228
117 7 0 2.64575
118 7 0 2.64575
119 7 0 2.64575
120 6 0 2.44949
121 5 0 2.23607
122 6 0 2.44949
123 12 0 3.4641
124 6 0 2.44949
125 7 0 2.64575
126 5 0 2.23607
127 5 0 2.23607
128 10 0 3.16228
129 5 0 2.23607
130 13 0 3.60555
131 6 0 2.44949
132 6 0 2.44949
133 4 0 2
134 5 0 2.23607
135 8 0 2.82843
136 7 0 2.64575
137 4 0 2
138 12 0 3.4641
139 10 0 3.16228
140 3 0 1.73205
141 5 0 2.23607
142 6 0 2.44949
143 3 0 1.73205
144 10 0 3.16228
145 5 0 2.23607
146 2 0 1.41421
147 4 0 2
148 6 0 2.44949
149 6 0 2.44949
150 5 0 2.23607
151 2 0 1.41421
152 5 0 2.23607
154 8 0 2.82843
155 9 0 3
156 8 0 2.82843
157 2 0 1.41421
158 4 0 2
159 3 0 1.73205
160 3 0 1.73205
161 5 0 2.23607
162 6 0 2.44949
163 2 0 1.41421
164 4 0 2
165 5 0 2.23607
166 4 0 2
167 3 0 1.73205
168 5 0 2.23607
170 2 0 1.41421
171 6 0 2.44949
172 4 0 2
174 2 0 1.41421
175 2 0 1.41421
176 4 0 2
177 1 0 1
178 7 0 2.64575
179 6 0 2.44949
180 1 0 1
181 1 0 1
182 1 0 1
183 7 0 2.64575
184 3 0 1.73205
185 6 0 2.44949
186 5 0 2.23607
187 6 0 2.44949
188 1 0 1
189 5 0 2.23607
190 3 0 1.73205
191 4 0 2
192 2 0 1.41421
193 3 0 1.73205
194 2 0 1.41421
195 5 0 2.23607
196 3 0 1.73205
197 1 0 1
198 2 0 1.41421
200 1 0 1
201 4 0 2
202 4 0 2
204 3 0 1.73205
206 3 0 1.73205
207 6 0 2.44949
208 2 0 1.41421
209 3 0 1.73205
210 3 0 1.73205
211 1 0 1
212 2 0 1.41421
213 1 0 1
214 1 0 1
215 2 0 1.41421
216 3 0 1.73205
217 7 0 2.64575
218 4 0 2
219 2 0 1.41421
220 5 0 2.23607
221 1 0 1
222 4 0 2
223 3 0 1.73205
224 1 0 1
225 2 0 1.41421
227 2 0 1.41421
228 4 0 2
229 2 0 1.41421
231 1 0 1
233 1 0 1
234 1 0 1
236 2 0 1.41421
237 2 0 1.41421
239 3 0 1.73205
240 1 0 1
242 6 0 2.44949
243 2 0 1.41421
244 4 0 2
246 4 0 2
247 4 0 2
248 2 0 1.41421
250 5 0 2.23607
251 3 0 1.73205
252 3 0 1.73205
253 3 0 1.73205
254 1 0 1
255 4 0 2
256 2 0 1.41421
257 1 0 1
258 4 0 2
259 2 0 1.41421
260 4 0 2
262 4 0 2
263 3 0 1.73205
264 2 0 1.41421
265 3 0 1.73205
266 1 0 1
268 3 0 1.73205
269 2 0 1.41421
270 1 0 1
271 2 0 1.41421
272 2 0 1.41421
273 1 0 1
274 2 0 1.41421
275 4 0 2
276 2 0 1.41421
277 1 0 1
278 1 0 1
279 1 0 1
280 3 0 1.73205
281 5 0 2.23607
282 1 0 1
283 1 0 1
284 2 0 1.41421
285 2 0 1.41421
286 1 0 1
287 1 0 1
290 1 0 1
291 3 0 1.73205
293 1 0 1
295 1 0 1
296 3 0 1.73205
297 1 0 1
298 3 0 1.73205
299 2 0 1.41421
300 3 0 1.73205
303 2 0 1.41421
304 1 0 1
305 1 0 1
306 2 0 1.41421
307 2 0 1.41421
310 1 0 1
311 1 0 1
312 1 0 1
313 3 0 1.73205
314 1 0 1
316 3 0 1.73205
317 2 0 1.41421
319 2 0 1.41421
321 2 0 1.41421
323 1 0 1
324 3 0 1.73205
325 3 0 1.73205
326 3 0 1.73205
328 2 0 1.41421
329 3 0 1.73205
330 2 0 1.41421
331 1 0 1
332 2 0 1.41421
333 2 0 1.41421
334 1 0 1
335 2 0 1.41421
338 1 0 1
341 1 0 1
343 1 0 1
345 3 0 1.73205
348 1 0 1
352 4 0 2
353 1 0 1
354 2 0 1.41421
355 3 0 1.73205
356 1 0 1
359 2 0 1.41421
363 1 0 1
364 2 0 1.41421
365 1 0 1
367 2 0 1.41421
368 1 0 1
370 1 0 1
372 1 0 1
373 1 0 1
376 2 0 1.41421
377 1 0 1
378 1 0 1
382 2 0 1.41421
383 1 0 1
384 1 0 1
385 1 0 1
387 2 0 1.41421
388 1 0 1
390 3 0 1.73205
391 1 0 1
392 1 0 1
394 1 0 1
396 2 0 1.41421
397 1 0 1
398 1 0 1
399 2 0 1.41421
402 1 0 1
406 2 0 1.41421
408 2 0 1.41421
410 3 0 1.73205
413 3 0 1.73205
415 1 0 1
418 1 0 1
420 2 0 1.41421
421 3 0 1.73205
426 2 0 1.41421
428 3 0 1.73205
429 1 0 1
431 2 0 1.41421
432 1 0 1
435 1 0 1
436 2 0 1.41421
438 1 0 1
439 2 0 1.41421
442 1 0 1
443 1 0 1
447 1 0 1
448 1 0 1
452 1 0 1
453 1 0 1
455 2 0 1.41421
457 4 0 2
458 1 0 1
459 1 0 1
461 1 0 1
463 1 0 1
470 1 0 1
471 2 0 1.41421
474 1 0 1
479 2 0 1.41421
480 1 0 1
482 1 0 1
484 1 0 1
487 1 0 1
489 1 0 1
491 1 0 1
492 1 0 1
493 1 0 1
494 1 0 1
495 1 0 1
496 1 0 1
497 1 0 1
500 1 0 1
501.001 1 0 1
502.001 1 0 1
504.001 1 0 1
509.001 1 0 1
511.001 1 0 1
519.001 1 0 1
520.001 1 0 1
526.001 1 0 1
528.001 2 0 1.41421
532.001 1 0 1
534.001 1 0 1
536.001 1 0 1
540.001 1 0 1
542.001 1 0 1
543.001 1 0 1
546.001 1 0 1
552.001 1 0 1
561.001 1 0 1
565.001 1 0 1
568.001 1 0 1
571.001 1 0 1
572.001 1 0 1
578.001 2 0 1.41421
583.001 1 0 1
584.001 1 0 1
590.001 1 0 1
595.001 1 0 1
598.001 1 0 1
600.001 1 0 1
602.001 1 0 1
606.001 1 0 1
607.001 1 0 1
618.001 1 0 1
620.001 1 0 1
621.001 1 0 1
627.001 1 0 1
629.001 1 0 1
637.001 1 0 1
640.001 1 0 1
648.001 1 0 1
650.001 1 0 1
652.001 1 0 1
656.001 1 0 1
659.001 1 0 1
667.001 1 0 1
668.001 1 0 1
669.001 1 0 1
673.001 1 0 1
678.001 1 0 1
689.001 1 0 1
694.001 1 0 1
696.001 1 0 1
697.001 1 0 1
701.001 1 0 1
704.001 1 0 1
714.001 2 0 1.41421
725.001 1 0 1
731.001 1 0 1
736.001 1 0 1
738.001 1 0 1
742.001 1 0 1
745.001 1 0 1
747.001 1 0 1
748.001 1 0 1
754.001 1 0 1
760.001 1 0 1
763.001 1 0 1
770.001 1 0 1
774.001 1 0 1
777.001 1 0 1
779.001 1 0 1
780.001 1 0 1
790.001 1 0 1
795.001 1 0 1
799.001 1 0 1
807.001 1 0 1
825.001 1 0 1
826.001 1 0 1
840.001 1 0 1
842.001 1 0 1
843.001 1 0 1
858.001 1 0 1
882.001 2 0 1.41421
886.001 1 0 1
887.001 1 0 1
903.001 1 0 1
910.001 1 0 1
921.001 1 0 1
924.001 1 0 1
926.001 1 0 1
956.001 1 0 1
959.001 1 0 1
961.001 1 0 1
964.001 1 0 1
973.001 1 0 1
997.001 1 0 1
1004 1 0 1
1006 1 0 1
1009 1 0 1
1013 1 0 1
1060 1 0 1
1074 1 0 1
1121 1 0 1
1170 1 0 1
1172 1 0 1
1176 1 0 1
1200 1 0 1
1208 1 0 1
1215 2 0 1.41421
1222 1 0 1
1225 1 0 1
1239 1 0 1
1246 1 0 1
1294 1 0 1
1375 1 0 1
1386 1 0 1
1410 1 0 1
1474 1 0 1
1518 1 0 1
1582 1 0 1
1589 1 0 1
1819 1 0 1
2120 1 0 1
2599 1 0 1
2808 1 0 1
