1 25911 0 160.969
2 6108 0 78.1537
3 3740 0 61.1555
4 2494 0 49.94
5 1733 0 41.6293
6.00001 1355 0 36.8103
7.00001 1008 0 31.749
8.00001 820 0 28.6356
9.00001 765 0 27.6586
10 592 0 24.3311
11 501 0 22.383
12 424 0 20.5913
13 378 0 19.4422
14 364 0 19.0788
15 325 0 18.0278
16 273 0 16.5227
17 243 0 15.5885
18 247 0 15.7162
19 214 0 14.6287
20 185 0 13.6015
21 203 0 14.2478
22 170 0 13.0384
23 160 0 12.6491
24 160 0 12.6491
25 134 0 11.5758
26 119 0 10.9087
27 131 0 11.4455
28 100 0 10
29 105 0 10.247
30 117 0 10.8167
31 102 0 10.0995
32 98 0 9.89949
33 78 0 8.83176
34 82 0 9.05539
35 81 0 9
36 85 0 9.21954
37 66 0 8.12404
38 73 0 8.544
39 71 0 8.42615
40 61 0 7.81025
41 43 0 6.55744
42 55 0 7.4162
43 58 0 7.61577
44 41 0 6.40312
45 55 0 7.4162
46 66 0 8.12404
47 39 0 6.245
48 44 0 6.63325
49 49 0 7
50 36 0 6
51.0001 31 0 5.56776
52.0001 44 0 6.63325
53.0001 41 0 6.40312
54.0001 52 0 7.2111
55.0001 34 0 5.83095
56.0001 34 0 5.83095
57.0001 38 0 6.16441
58.0001 41 0 6.40312
59.0001 25 0 5
60.0001 28 0 5.2915
61.0001 25 0 5
62.0001 38 0 6.16441
63.0001 26 0 5.09902
64.0001 30 0 5.47723
65.0001 20 0 4.47214
66.0001 23 0 4.79583
67.0001 23 0 4.79583
68.0001 36 0 6
69.0001 18 0 4.24264
70.0001 22 0 4.69042
71.0001 25 0 5
72.0001 26 0 5.09902
73.0001 25 0 5
74.0001 30 0 5.47723
75.0001 16 0 4
76.0001 19 0 4.3589
77.0001 15 0 3.87298
78.0001 21 0 4.58258
79.0001 15 0 3.87298
80.0001 17 0 4.12311
81.0001 18 0 4.24264
82.0001 23 0 4.79583
83.0001 23 0 4.79583
84.0001 22 0 4.69042
85.0001 16 0 4
86.0001 15 0 3.87298
87.0001 15 0 3.87298
88.0001 15 0 3.87298
89.0001 8 0 2.82843
90.0001 15 0 3.87298
91.0001 17 0 4.12311
92.0001 20 0 4.47214
93.0001 17 0 4.12311
94.0001 15 0 3.87298
95.0001 12 0 3.4641
96.0001 10 0 3.16228
97.0001 16 0 4
98.0001 16 0 4
99.0001 9 0 3
100 15 0 3.87298
101 10 0 3.16228
102 16 0 4
103 9 0 3
104 18 0 4.24264
105 14 0 3.74166
106 16 0 4
107 11 0 3.31662
108 16 0 4
109 11 0 3.31662
110 5 0 2.23607
111 12 0 3.4641
112 14 0 3.74166
113 7 0 2.64575
114 16 0 4
115 11 0 3.31662
116 11 0 3.31662
117 11 0 3.31662
118 8 0 2.82843
119 6 0 2.44949
120 10 0 3.16228
121 7 0 2.64575
122 6 0 2.44949
123 9 0 3
124 10 0 3.16228
125 5 0 2.23607
126 6 0 2.44949
127 5 0 2.23607
128 6 0 2.44949
129 7 0 2.64575
130 10 0 3.16228
131 11 0 3.31662
132 5 0 2.23607
133 11 0 3.31662
134 7 0 2.64575
135 3 0 1.73205
136 6 0 2.44949
137 6 0 2.44949
138 6 0 2.44949
139 5 0 2.23607
140 5 0 2.23607
141 8 0 2.82843
142 7 0 2.64575
143 7 0 2.64575
144 6 0 2.44949
145 5 0 2.23607
146 3 0 1.73205
147 4 0 2
148 4 0 2
149 4 0 2
150 6 0 2.44949
151 4 0 2
152 3 0 1.73205
153 4 0 2
154 2 0 1.41421
155 7 0 2.64575
156 8 0 2.82843
157 6 0 2.44949
158 2 0 1.41421
159 4 0 2
160 3 0 1.73205
161 5 0 2.23607
162 9 0 3
163 3 0 1.73205
164 6 0 2.44949
165 7 0 2.64575
166 6 0 2.44949
167 3 0 1.73205
168 5 0 2.23607
169 5 0 2.23607
170 5 0 2.23607
171 5 0 2.23607
172 5 0 2.23607
173 1 0 1
174 7 0 2.64575
175 1 0 1
176 3 0 1.73205
177 6 0 2.44949
178 4 0 2
179 2 0 1.41421
180 4 0 2
181 4 0 2
182 6 0 2.44949
184 9 0 3
185 2 0 1.41421
186 7 0 2.64575
187 4 0 2
188 4 0 2
189 3 0 1.73205
190 4 0 2
191 1 0 1
192 1 0 1
193 4 0 2
194 5 0 2.23607
195 4 0 2
196 5 0 2.23607
197 4 0 2
198 2 0 1.41421
199 5 0 2.23607
200 5 0 2.23607
202 1 0 1
203 3 0 1.73205
204 3 0 1.73205
205 3 0 1.73205
206 3 0 1.73205
207 7 0 2.64575
209 4 0 2
210 1 0 1
211 3 0 1.73205
212 2 0 1.41421
213 3 0 1.73205
214 4 0 2
215 1 0 1
216 4 0 2
217 3 0 1.73205
218 3 0 1.73205
219 4 0 2
220 3 0 1.73205
221 2 0 1.41421
222 2 0 1.41421
223 1 0 1
224 1 0 1
226 1 0 1
227 1 0 1
228 1 0 1
229 2 0 1.41421
230 3 0 1.73205
231 1 0 1
232 2 0 1.41421
233 1 0 1
234 2 0 1.41421
235 1 0 1
236 3 0 1.73205
238 1 0 1
239 3 0 1.73205
240 1 0 1
241 1 0 1
242 1 0 1
243 3 0 1.73205
245 1 0 1
248 3 0 1.73205
249 2 0 1.41421
250 4 0 2
251 2 0 1.41421
252 2 0 1.41421
253 1 0 1
254 2 0 1.41421
256 1 0 1
257 3 0 1.73205
258 3 0 1.73205
259 1 0 1
260 1 0 1
262 1 0 1
263 2 0 1.41421
264 3 0 1.73205
265 1 0 1
266 2 0 1.41421
267 3 0 1.73205
268 1 0 1
269 3 0 1.73205
270 1 0 1
271 2 0 1.41421
272 2 0 1.41421
273 3 0 1.73205
274 3 0 1.73205
275 1 0 1
276 1 0 1
277 2 0 1.41421
279 1 0 1
280 2 0 1.41421
281 1 0 1
282 1 0 1
283 5 0 2.23607
285 2 0 1.41421
286 1 0 1
287 1 0 1
288 1 0 1
289 1 0 1
290 3 0 1.73205
293 2 0 1.41421
296 1 0 1
298 1 0 1
299 1 0 1
300 2 0 1.41421
301 1 0 1
303 1 0 1
304 3 0 1.73205
305 2 0 1.41421
308 2 0 1.41421
309 1 0 1
310 1 0 1
311 2 0 1.41421
313 3 0 1.73205
315 1 0 1
316 2 0 1.41421
317 1 0 1
318 1 0 1
320 1 0 1
321 1 0 1
322 5 0 2.23607
323 1 0 1
325 1 0 1
326 1 0 1
328 1 0 1
330 1 0 1
331 1 0 1
332 1 0 1
333 1 0 1
334 1 0 1
335 2 0 1.41421
336 2 0 1.41421
337 1 0 1
338 1 0 1
341 1 0 1
342 2 0 1.41421
343 2 0 1.41421
344 1 0 1
346 2 0 1.41421
347 2 0 1.41421
349 3 0 1.73205
352 1 0 1
353 1 0 1
354 1 0 1
357 1 0 1
358 2 0 1.41421
361 1 0 1
367 1 0 1
368 2 0 1.41421
372 3 0 1.73205
373 1 0 1
374 1 0 1
376 1 0 1
378 1 0 1
385 1 0 1
388 1 0 1
392 1 0 1
393 1 0 1
394 2 0 1.41421
396 1 0 1
397 1 0 1
403 1 0 1
404 1 0 1
405 2 0 1.41421
407 1 0 1
411 1 0 1
412 1 0 1
413 1 0 1
415 1 0 1
417 1 0 1
420 1 0 1
421 1 0 1
422 2 0 1.41421
423 2 0 1.41421
426 1 0 1
428 1 0 1
430 1 0 1
432 1 0 1
434 1 0 1
437 1 0 1
439 1 0 1
440 1 0 1
442 1 0 1
443 1 0 1
445 1 0 1
450 1 0 1
456 2 0 1.41421
459 1 0 1
461 1 0 1
468 1 0 1
470 1 0 1
475 1 0 1
476 2 0 1.41421
483 1 0 1
484 2 0 1.41421
486 3 0 1.73205
490 1 0 1
495 1 0 1
496 1 0 1
501.001 1 0 1
514.001 1 0 1
515.001 1 0 1
518.001 2 0 1.41421
523.001 1 0 1
524.001 1 0 1
532.001 1 0 1
533.001 2 0 1.41421
542.001 2 0 1.41421
544.001 1 0 1
551.001 1 0 1
560.001 1 0 1
571.001 2 0 1.41421
572.001 1 0 1
574.001 1 0 1
578.001 1 0 1
579.001 1 0 1
588.001 1 0 1
589.001 1 0 1
590.001 1 0 1
591.001 1 0 1
599.001 1 0 1
606.001 1 0 1
609.001 1 0 1
611.001 1 0 1
614.001 1 0 1
616.001 1 0 1
620.001 1 0 1
629.001 1 0 1
637.001 1 0 1
640.001 1 0 1
641.001 2 0 1.41421
655.001 2 0 1.41421
672.001 1 0 1
675.001 1 0 1
689.001 3 0 1.73205
704.001 1 0 1
716.001 1 0 1
734.001 1 0 1
745.001 1 0 1
760.001 1 0 1
794.001 1 0 1
796.001 1 0 1
812.001 1 0 1
845.001 1 0 1
870.001 1 0 1
887.001 1 0 1
897.001 1 0 1
1013 1 0 1
1070 1 0 1
