1 2.26067e+06 0 1503.55
2 567918 0 753.603
3 354858 0 595.7
4 238515 0 488.38
5 173728 0 416.807
6 132189 0 363.578
7 104875 0 323.844
8 84967 0 291.491
9 71380 0 267.17
10 60197 0 245.351
11 51798 0 227.592
12 44758 0 211.561
13 39626 0 199.063
14 35003 0 187.091
15 31768 0 178.236
16 28329 0 168.312
17 25824 0 160.698
18 23544 0 153.441
19 21368 0 146.178
20 19633 0 140.118
21 18076 0 134.447
22 16800 0 129.615
23 15579 0 124.816
24 14468 0 120.283
25 13535 0 116.34
26 12559 0 112.067
27 11751 0 108.402
28 11119 0 105.447
29 10641 0 103.155
30 9979 0 99.8949
31 9368 0 96.7884
32 8928 0 94.4881
33 8427 0 91.7987
34 7990 0 89.3868
35 7624 0 87.3155
36 7088 0 84.1903
37 6902 0 83.0783
38 6514 0 80.7094
39 6105 0 78.1345
40 5907 0 76.857
41 5633 0 75.0533
42 5264 0 72.5534
43 5112 0 71.4983
44 4908 0 70.0571
45 4863 0 69.7352
46 4507 0 67.1342
47 4368 0 66.0908
48 4308 0 65.6354
49 4152 0 64.436
50 3989 0 63.1585
51 3757 0 61.2944
52 3584 0 59.8665
53 3417 0 58.4551
54 3368 0 58.0345
55 3131 0 55.9553
56 3057 0 55.2901
57 3076 0 55.4617
58 2875 0 53.619
59 2815 0 53.0566
60 2695 0 51.9134
61 2704 0 52
62 2568 0 50.6754
63 2424 0 49.2341
64 2469 0 49.689
65 2299 0 47.9479
66 2196 0 46.8615
67 2119 0 46.0326
68 2065 0 45.4423
69 2019 0 44.9333
70 1899 0 43.5775
71 1936 0 44
72 1809 0 42.5323
73 1801 0 42.4382
74 1790 0 42.3084
75 1703 0 41.2674
76 1605 0 40.0625
77 1581 0 39.7618
78 1550 0 39.37
79 1531 0 39.128
80 1463 0 38.2492
81 1446 0 38.0263
82 1361 0 36.8917
83 1330 0 36.4692
84 1352 0 36.7696
85 1358 0 36.8511
86 1289 0 35.9026
87 1244 0 35.2704
88 1212 0 34.8138
89 1110 0 33.3167
90 1124 0 33.5261
91 1157 0 34.0147
92 1125 0 33.541
93 1051 0 32.4191
94 1056 0 32.4962
95 991 0 31.4802
96 1046 0 32.3419
97 938 0 30.6268
98 938 0 30.6268
99 871 0 29.5127
100 894 0 29.8998
101 936 0 30.5941
102 868 0 29.4618
103 833 0 28.8617
104 825 0 28.7228
105 778 0 27.8927
106 773 0 27.8029
107 738 0 27.1662
108 758 0 27.5318
109 724 0 26.9072
110 710 0 26.6458
111 724 0 26.9072
112 626 0 25.02
113 663 0 25.7488
114 651 0 25.5147
115 645 0 25.3969
116 612 0 24.7386
117 603 0 24.5561
118 599 0 24.4745
119 541 0 23.2594
120 605 0 24.5967
121 536 0 23.1517
122 529 0 23
123 527 0 22.9565
124 485 0 22.0227
125 551 0 23.4734
126 456 0 21.3542
127 437 0 20.9045
128 528 0 22.9783
129 437 0 20.9045
130 501 0 22.383
131 434 0 20.8327
132 485 0 22.0227
133 460 0 21.4476
134 406 0 20.1494
135 416 0 20.3961
136 386 0 19.6469
137 389 0 19.7231
138 361 0 19
139 373 0 19.3132
140 382 0 19.5448
141 369 0 19.2094
142 320 0 17.8885
143 305 0 17.4642
144 337 0 18.3576
145 344 0 18.5472
146 361 0 19
147 318 0 17.8326
148 293 0 17.1172
149 340 0 18.4391
150 291 0 17.0587
151 295 0 17.1756
152 317 0 17.8045
153 278 0 16.6733
154 270 0 16.4317
155 286 0 16.9115
156 287 0 16.9411
157 288 0 16.9706
158 252 0 15.8745
159 258 0 16.0624
160 258 0 16.0624
161 262 0 16.1864
162 202 0 14.2127
163 243 0 15.5885
164 259 0 16.0935
165 250 0 15.8114
166 210 0 14.4914
167 208 0 14.4222
168 232 0 15.2315
169 193 0 13.8924
170 199 0 14.1067
171 189 0 13.7477
172 175 0 13.2288
173 184 0 13.5647
174 177 0 13.3041
175 190 0 13.784
176 187 0 13.6748
177 159 0 12.6095
178 184 0 13.5647
179 188 0 13.7113
180 167 0 12.9228
181 176 0 13.2665
182 166 0 12.8841
183 158 0 12.5698
184 156 0 12.49
185 153 0 12.3693
186 152 0 12.3288
187 150 0 12.2474
188 147 0 12.1244
189 145 0 12.0416
190 146 0 12.083
191 149 0 12.2066
192 139 0 11.7898
193 145 0 12.0416
194 144 0 12
195 125 0 11.1803
196 124 0 11.1355
197 117 0 10.8167
198 115 0 10.7238
199 111 0 10.5357
200 120 0 10.9545
201 102 0 10.0995
202 118 0 10.8628
203 113 0 10.6301
204 114 0 10.6771
205 103 0 10.1489
206 105 0 10.247
207 107 0 10.3441
208 101 0 10.0499
209 87 0 9.32738
210 87 0 9.32738
211 93 0 9.64365
212 115 0 10.7238
213 90 0 9.48683
214 90 0 9.48683
215 97 0 9.84886
216 106 0 10.2956
217 86 0 9.27362
218 80 0 8.94427
219 93 0 9.64365
220 90 0 9.48683
221 70 0 8.3666
222 82 0 9.05539
223 86 0 9.27362
224 75 0 8.66025
225 68 0 8.24621
226 79 0 8.88819
227 90 0 9.48683
228 64 0 8
229 81 0 9
230 98 0 9.89949
231 74 0 8.60233
232 75 0 8.66025
233 73 0 8.544
234 67 0 8.18535
235 68 0 8.24621
236 54 0 7.34847
237 70 0 8.3666
238 75 0 8.66025
239 65 0 8.06226
240 67 0 8.18535
241 61 0 7.81025
242 41 0 6.40312
243 68 0 8.24621
244 52 0 7.2111
245 63 0 7.93725
246 57 0 7.54983
247 54 0 7.34847
248 54 0 7.34847
249 62 0 7.87401
250 48 0 6.9282
251 41 0 6.40312
252 58 0 7.61577
253 44 0 6.63325
254 48 0 6.9282
255 45 0 6.7082
256 53 0 7.28011
257 50 0 7.07107
258 50 0 7.07107
259 51 0 7.14143
260 56 0 7.48331
261 43 0 6.55744
262 39 0 6.245
263 40 0 6.32456
264 41 0 6.40312
265 38 0 6.16441
266 48 0 6.9282
267 29 0 5.38516
268 48 0 6.9282
269 35 0 5.91608
270 38 0 6.16441
271 42 0 6.48074
272 42 0 6.48074
273 40 0 6.32456
274 35 0 5.91608
275 50 0 7.07107
276 44 0 6.63325
277 46 0 6.78233
278 33 0 5.74456
279 30 0 5.47723
280 21 0 4.58258
281 30 0 5.47723
282 30 0 5.47723
283 30 0 5.47723
284 32 0 5.65685
285 24 0 4.89898
286 36 0 6
287 31 0 5.56776
288 20 0 4.47214
289 34 0 5.83095
290 27 0 5.19615
291 31 0 5.56776
292 44 0 6.63325
293 28 0 5.2915
294 33 0 5.74456
295 25 0 5
296 22 0 4.69042
297 19 0 4.3589
298 23 0 4.79583
299 32 0 5.65685
300 19 0 4.3589
301 33 0 5.74456
302 22 0 4.69042
303 22 0 4.69042
304 23 0 4.79583
305 24 0 4.89898
306 23 0 4.79583
307 20 0 4.47214
308 26 0 5.09902
309 16 0 4
310 21 0 4.58258
311 20 0 4.47214
312 22 0 4.69042
313 14 0 3.74166
314 19 0 4.3589
315 24 0 4.89898
316 15 0 3.87298
317 16 0 4
318 16 0 4
319 12 0 3.4641
320 21 0 4.58258
321 19 0 4.3589
322 28 0 5.2915
323 12 0 3.4641
324 15 0 3.87298
325 16 0 4
326 12 0 3.4641
327 13 0 3.60555
328 22 0 4.69042
329 11 0 3.31662
330 21 0 4.58258
331 12 0 3.4641
332 18 0 4.24264
333 15 0 3.87298
334 16 0 4
335 16 0 4
336 13 0 3.60555
337 11 0 3.31662
338 15 0 3.87298
339 16 0 4
340 17 0 4.12311
341 12 0 3.4641
342 16 0 4
343 16 0 4
344 6 0 2.44949
345 13 0 3.60555
346 12 0 3.4641
347 16 0 4
348 10 0 3.16228
349 10 0 3.16228
350 10 0 3.16228
351 15 0 3.87298
352 8 0 2.82843
353 8 0 2.82843
354 16 0 4
355 16 0 4
356 7 0 2.64575
357 10 0 3.16228
358 11 0 3.31662
359 15 0 3.87298
360 16 0 4
361 11 0 3.31662
362 11 0 3.31662
363 11 0 3.31662
364 9 0 3
365 5 0 2.23607
366 14 0 3.74166
367 7 0 2.64575
368 10 0 3.16228
369 7 0 2.64575
370 9 0 3
371 9 0 3
372 7 0 2.64575
373 15 0 3.87298
374 8 0 2.82843
375 4 0 2
376 5 0 2.23607
377 3 0 1.73205
378 6 0 2.44949
379 9 0 3
380 7 0 2.64575
381 4 0 2
382 5 0 2.23607
383 8 0 2.82843
384 9 0 3
385 6 0 2.44949
386 10 0 3.16228
387 13 0 3.60555
388 4 0 2
389 7 0 2.64575
390 5 0 2.23607
391 13 0 3.60555
392 6 0 2.44949
393 5 0 2.23607
394 3 0 1.73205
395 5 0 2.23607
396 7 0 2.64575
397 8 0 2.82843
398 7 0 2.64575
399 3 0 1.73205
