0.59 5.24443 0 0.227793
0.5901 5.07937 0 0.208904
0.5902 5.01479 0 0.203691
0.5903 5.21652 0 0.190255
0.5904 5.08419 0 0.186067
0.5905 5.34258 0 0.202795
0.5906 5.49568 0 0.211509
0.5907 5.50965 0 0.208234
0.5908 5.56908 0 0.215217
0.5909 5.56675 0 0.228771
0.591 5.52015 0 0.0478039
0.5911 5.653 0 0.0501602
0.5912 5.69483 0 0.0508544
0.5913 5.70445 0 0.0499472
0.5914 5.77578 0 0.0520454
0.5915 5.739 0 0.050913
0.5916 5.83991 0 0.0523446
0.5917 5.91629 0 0.0519368
0.5918 6.03568 0 0.053804
0.5919 5.96921 0 0.053199
0.592 6.0994 0 0.0545137
0.5921 6.16414 0 0.053943
0.5922 6.20361 0 0.055524
0.5923 6.28665 0 0.0569508
0.5924 6.30035 0 0.0570946
0.5925 6.41005 0 0.0578597
0.5926 6.46645 0 0.0577936
0.5927 6.53599 0 0.058043
0.5928 6.55654 0 0.0566031
0.5929 6.69658 0 0.0595755
0.593 6.69956 0 0.0597522
0.5931 6.78663 0 0.0614756
0.5932 6.89116 0 0.0614233
0.5933 6.89377 0 0.0620933
0.5934 7.08852 0 0.0643974
0.5935 7.10597 0 0.063427
0.5936 7.27422 0 0.0661889
0.5937 7.31575 0 0.0667272
0.5938 7.22867 0 0.0646084
0.5939 7.47366 0 0.0677043
0.594 7.46585 0 0.0666882
0.5941 7.61026 0 0.0707463
0.5942 7.76064 0 0.099289
0.5943 7.71969 0 0.102022
0.5944 7.74549 0 0.102106
0.5945 7.81724 0 0.100367
0.5946 7.89429 0 0.101216
0.5947 8.13081 0 0.105834
0.5948 8.38797 0 0.109983
0.5949 8.07481 0 0.105902
0.595 8.18986 0 0.108007
