0.591 5.20486 0 0.0792779
0.5911 5.23404 0 0.0801406
0.5912 5.34479 0 0.0786803
0.5913 5.63284 0 0.0836252
0.5914 5.54423 0 0.0826216
0.5915 5.52969 0 0.0844169
0.5916 5.65019 0 0.086731
0.5917 5.79797 0 0.0904886
0.5918 5.8123 0 0.0920485
0.5919 5.95373 0 0.0888153
0.592 6.04161 0 0.0932654
0.5921 5.96002 0 0.0884009
0.5922 6.05153 0 0.0969273
0.5923 6.14908 0 0.092498
0.5924 6.26713 0 0.099826
0.5925 6.51959 0 0.107579
0.5926 6.4666 0 0.103653
0.5927 6.57951 0 0.102007
0.5928 6.67759 0 0.103697
0.5929 6.77847 0 0.10601
0.593 6.80278 0 0.105918
0.5931 7.07539 0 0.111452
0.5932 7.0264 0 0.112805
0.5933 7.19086 0 0.113038
0.5934 7.2437 0 0.113047
0.5935 7.24696 0 0.110029
0.5936 7.53596 0 0.119487
0.5937 7.55935 0 0.114418
0.5938 7.64938 0 0.117783
0.5939 7.86871 0 0.121592
0.594 8.00067 0 0.124918
0.5941 7.92049 0 0.128039
0.5942 7.85676 0 0.117737
0.5943 8.26095 0 0.130686
0.5944 8.09257 0 0.122968
0.5945 8.56379 0 0.129484
0.5946 8.44785 0 0.126811
0.5947 8.64763 0 0.133421
0.5948 8.76433 0 0.138123
0.5949 8.71267 0 0.131509
0.595 9.18617 0 0.143991
