0.59 6.15368 0 0.0585496
0.5901 6.25107 0 0.0595298
0.5902 6.21724 0 0.0591154
0.5903 6.24488 0 0.0591757
0.5904 6.2814 0 0.0607146
0.5905 6.23547 0 0.0579611
0.5906 6.25842 0 0.0594525
0.5907 6.29309 0 0.0583372
0.5908 6.4281 0 0.063365
0.5909 6.2895 0 0.0584832
0.591 6.37629 0 0.0422548
0.5911 6.44607 0 0.0435409
0.5912 6.38138 0 0.0434461
0.5913 6.48903 0 0.0435581
0.5914 6.46255 0 0.042905
0.5915 6.48066 0 0.0437085
0.5916 6.51941 0 0.0437295
0.5917 6.54064 0 0.0439293
0.5918 6.54065 0 0.0436503
0.5919 6.58454 0 0.0437835
0.592 6.65463 0 0.0450043
0.5921 6.5925 0 0.0445351
0.5922 6.71228 0 0.0454096
0.5923 6.68125 0 0.0450972
0.5924 6.68599 0 0.0454842
0.5925 6.67397 0 0.0450798
0.5926 6.85982 0 0.0468814
0.5927 6.81042 0 0.0460373
0.5928 6.76504 0 0.0447577
0.5929 6.78982 0 0.0456553
0.593 6.8258 0 0.0459053
0.5931 6.85586 0 0.0461428
0.5932 6.86581 0 0.0459007
0.5933 6.91248 0 0.0468102
0.5934 6.92928 0 0.0464425
0.5935 6.96949 0 0.0467779
0.5936 7.03564 0 0.0483507
0.5937 7.03249 0 0.047717
0.5938 7.0599 0 0.04754
0.5939 7.08744 0 0.0475725
0.594 7.12336 0 0.0397716
0.5941 7.17111 0 0.0485615
0.5942 7.23374 0 0.0493958
0.5943 7.26437 0 0.0493728
0.5944 7.33391 0 0.0505012
0.5945 7.32332 0 0.0496473
0.5946 7.37405 0 0.05066
0.5947 7.35843 0 0.0491064
0.5948 7.27375 0 0.048869
0.5949 7.35389 0 0.0495069
0.595 7.38493 0 0.0501733
0.5951 7.55763 0 0.0599299
0.5952 7.39426 0 0.0575071
0.5953 7.52807 0 0.0590698
0.5954 7.56485 0 0.05873
0.5955 7.54324 0 0.0585712
0.5956 7.60577 0 0.0584714
0.5957 7.61324 0 0.0599182
0.5958 7.74916 0 0.0625136
0.5959 7.52826 0 0.0577993
0.596 7.75779 0 0.0609224
