0.59 5.64927 0 0.0761913
0.5901 5.66805 0 0.0730105
0.5902 5.69198 0 0.0736357
0.5903 5.7332 0 0.0732415
0.5904 5.79565 0 0.0743847
0.5905 5.86141 0 0.0773296
0.5906 5.83598 0 0.0731482
0.5907 5.83518 0 0.0721867
0.5908 5.81834 0 0.0760899
0.5909 5.85113 0 0.0752654
0.591 5.90572 0 0.0552582
0.5911 6.00779 0 0.0565984
0.5912 6.04489 0 0.0562218
0.5913 6.04675 0 0.0566938
0.5914 6.00304 0 0.055464
0.5915 6.23022 0 0.0594444
0.5916 6.19837 0 0.0567719
0.5917 6.22288 0 0.0574792
0.5918 6.28079 0 0.0586326
0.5919 6.34451 0 0.0592236
0.592 6.28543 0 0.0580574
0.5921 6.39464 0 0.058691
0.5922 6.41713 0 0.0591522
0.5923 6.42227 0 0.0585437
0.5924 6.41264 0 0.058253
0.5925 6.57334 0 0.0612383
0.5926 6.61661 0 0.0624606
0.5927 6.61792 0 0.0608228
0.5928 6.58842 0 0.0603445
0.5929 6.78024 0 0.063242
0.593 6.76268 0 0.0630656
0.5931 6.76833 0 0.0633455
0.5932 6.80819 0 0.0636732
0.5933 6.80414 0 0.0624495
0.5934 6.84689 0 0.0644747
0.5935 6.8096 0 0.0629671
0.5936 6.9981 0 0.0652103
0.5937 7.00493 0 0.0655603
0.5938 6.99874 0 0.0639994
0.5939 7.17177 0 0.066915
0.594 7.09553 0 0.0468377
0.5941 7.35049 0 0.0559871
0.5942 7.24866 0 0.0537817
0.5943 7.28427 0 0.0554281
0.5944 7.35727 0 0.0561409
0.5945 7.34668 0 0.055133
0.5946 7.41059 0 0.0570339
0.5947 7.38008 0 0.0557447
0.5948 7.44156 0 0.0566605
0.5949 7.43373 0 0.0557815
0.595 7.54241 0 0.0561635
0.5951 7.61093 0 0.0570299
0.5952 7.79125 0 0.0600116
0.5953 7.68759 0 0.0578126
0.5954 7.77762 0 0.0602128
0.5955 7.78453 0 0.0588788
0.5956 7.80524 0 0.059428
0.5957 7.83443 0 0.0594732
0.5958 7.94935 0 0.0598776
0.5959 7.99533 0 0.060095
0.596 8.01314 0 0.0610652
