0.59 4.75235 0 0.539602
0.5901 4.06663 0 0.395523
0.5902 4.83568 0 0.562318
0.5903 3.89728 0 0.391876
0.5904 4.03867 0 0.448023
0.5905 3.79969 0 0.345776
0.5906 5.27512 0 0.578704
0.5907 4.48133 0 0.480149
0.5908 4.5568 0 0.529414
0.5909 5.18223 0 0.80666
0.591 4.83671 0 0.517084
0.5911 4.27728 0 0.581162
0.5912 5.74286 0 0.744977
0.5913 4.92186 0 0.506587
0.5914 4.32907 0 0.446451
0.5915 5.28437 0 0.596045
0.5916 6.57091 0 0.854238
0.5917 5.68665 0 0.587859
0.5918 5.96429 0 0.830558
0.5919 5.35676 0 0.550847
0.592 5.29727 0 0.623355
0.5921 6.88433 0 0.962477
0.5922 5.44985 0 0.769261
0.5923 6.31877 0 0.821616
0.5924 7.06881 0 0.960565
0.5925 6.33624 0 0.683795
0.5926 7.06188 0 1.34483
0.5927 5.30404 0 0.699212
0.5928 5.7427 0 0.621594
0.5929 6.45943 0 0.818644
0.593 6.48908 0 0.800494
0.5931 5.94979 0 0.89195
0.5932 6.62641 0 0.862548
0.5933 8.11587 0 1.14693
0.5934 8.24527 0 1.11391
0.5935 7.93191 0 1.04755
0.5936 8.93787 0 1.23692
0.5937 7.91505 0 0.863099
0.5938 6.82548 0 0.762694
0.5939 6.94656 0 1.29258
0.594 7.61056 0 1.07948