0.59 2.48647
0.59 1.59461
0.59 1.00808
0.59 7.9472
0.59 1.26607
0.59 4.96154
0.59 1.54816
0.59 1.15733
0.59 1.48184
0.59 1.19447
0.59 6.13496
0.59 1.23967
0.59 19.4204
0.59 1.12164
0.59 2.1238
0.59 1.84424
0.59 5.56321
0.59 1.28147
0.59 7.68599
0.59 2.40098
0.59 2.30484
0.59 15.579
0.59 1.30653
0.59 1.83844
0.59 15.2616
0.59 3.00995
0.59 14.011
0.59 11.8455
0.59 1.29818
0.59 6.16436
0.59 7.13908
0.59 1.00686
0.59 14.3254
0.59 10.5933
0.59 6.37215
0.59 1.91697
0.59 4.28671
0.59 3.06232
0.59 4.3739
0.59 1.04739
0.59 4.65338
0.59 1.57214
0.59 2.15089
0.59 1.25341
0.59 4.21338
0.59 2.97604
0.59 3.13363
0.59 2.72995
0.59 1.92311
0.59 3.32275
0.59 1.74444
0.59 5.74083
0.59 7.20263
0.59 1.24993
0.59 1.06141
0.59 2.16197
0.59 3.00336
0.59 22.5928
0.59 12.9761
0.59 4.22056
0.59 3.59975
0.59 3.37603
0.59 2.00031
0.59 1.06718
0.59 1.83001
0.59 1.51343
0.59 2.43473
0.59 4.97842
0.59 1.6441
0.59 4.40546
0.59 1.35604
0.59 6.44217
0.59 4.68487
0.59 1.37949
0.59 2.1335
0.59 7.78786
0.59 26.6607
0.59 5.60811
0.59 1.48837
0.59 3.01622
0.59 2.63067
0.59 1.25103
0.59 6.7072
0.59 2.34583
0.59 1.58265
0.59 1.06566
0.59 1.24261
0.59 9.77333
0.59 2.61415
0.59 3.65138
0.59 1.28182
0.59 29.9898
0.59 1.29801
0.59 3.02282
0.59 9.82529
0.59 1.18953
0.59 8.45233
0.59 7.06649
0.59 1.21707
0.59 1.53268
0.5901 11.1635
0.5901 2.80272
0.5901 1.97112
0.5901 6.2058
0.5901 3.67931
0.5901 4.14678
0.5901 4.18494
0.5901 9.93183
0.5901 10.1687
0.5901 2.61249
0.5901 3.22045
0.5901 2.30043
0.5901 1.89646
0.5901 3.35597
0.5901 2.10469
0.5901 1.81795
0.5901 2.11665
0.5901 1.34104
0.5901 1.8486
0.5901 1.72545
0.5901 1.23782
0.5901 1.63438
0.5901 5.14194
0.5901 2.39765
0.5901 3.01088
0.5901 1.84861
0.5901 1.00715
0.5901 1.40102
0.5901 6.13402
0.5901 5.68049
0.5901 2.11769
0.5901 12.6986
0.5901 1.63048
0.5901 8.54681
0.5901 1.75451
0.5901 19.2947
0.5901 8.1785
0.5901 3.36952
0.5901 2.45241
0.5901 1.614
0.5901 1.5427
0.5901 1.38438
0.5901 2.37055
0.5901 4.46294
0.5901 4.0088
0.5901 3.46536
0.5901 8.98883
0.5901 1.06796
0.5901 6.64011
0.5901 1.13043
0.5901 1.06032
0.5901 3.79544
0.5901 2.03307
0.5901 4.08902
0.5901 1.70846
0.5901 1.47461
0.5901 9.74095
0.5901 3.72544
0.5901 1.28358
0.5901 1.42874
0.5901 3.31026
0.5901 2.22918
0.5901 1.69437
0.5901 1.0187
0.5901 2.4907
0.5901 9.43629
0.5901 1.62267
0.5901 3.92345
0.5901 2.41487
0.5901 1.25094
0.5901 4.28583
0.5901 5.07864
0.5901 5.4335
0.5901 2.11709
0.5901 1.04236
0.5901 13.6185
0.5901 1.56963
0.5901 1.04565
0.5901 6.41544
0.5901 3.19251
0.5901 1.59647
0.5901 1.23962
0.5901 1.66898
0.5901 1.41095
0.5901 9.69403
0.5901 6.65535
0.5901 7.08216
0.5901 2.33826
0.5901 26.7441
0.5901 1.34204
0.5901 7.04601
0.5901 4.35618
0.5901 3.39002
0.5901 4.11377
0.5901 3.59125
0.5901 2.32916
0.5901 1.90032
0.5901 1.43997
0.5901 5.40214
0.5901 4.98399
0.5902 1.03945
0.5902 1.07477
0.5902 1.59058
0.5902 12.291
0.5902 1.26908
0.5902 10.1436
0.5902 5.11988
0.5902 7.03669
0.5902 1.60217
0.5902 28.3313
0.5902 1.9278
0.5902 1.05646
0.5902 1.29029
0.5902 3.06607
0.5902 8.87519
0.5902 4.52331
0.5902 1.13761
0.5902 1.47791
0.5902 7.87808
0.5902 1.24275
0.5902 1.34824
0.5902 1.12803
0.5902 1.60455
0.5902 15.805
0.5902 2.84498
0.5902 1.50658
0.5902 1.40375
0.5902 1.81229
0.5902 1.07114
0.5902 2.41187
0.5902 3.07528
0.5902 29.789
0.5902 7.69576
0.5902 8.67254
0.5902 1.61217
0.5902 1.83134
0.5902 16.301
0.5902 1.10166
0.5902 5.94953
0.5902 1.25585
0.5902 5.67596
0.5902 2.42728
0.5902 4.93116
0.5902 4.79541
0.5902 12.1839
0.5902 5.75959
0.5902 1.71487
0.5902 1.88849
0.5902 4.06474
0.5902 9.94178
0.5902 1.16582
0.5902 5.9021
0.5902 3.35633
0.5902 1.12806
0.5902 1.10247
0.5902 1.33004
0.5902 11.8473
0.5902 4.16344
0.5902 3.09301
0.5902 4.23923
0.5902 1.84282
0.5902 9.64372
0.5902 6.39249
0.5902 2.26737
0.5902 1.36471
0.5902 5.82126
0.5902 1.20942
0.5902 6.6275
0.5902 1.1831
0.5902 2.94857
0.5902 2.38363
0.5902 17.4226
0.5902 1.98276
0.5902 1.0424
0.5902 1.13857
0.5902 1.61798
0.5902 2.7855
0.5902 1.1222
0.5902 2.94628
0.5902 1.52925
0.5902 6.51874
0.5902 12.1011
0.5902 1.20035
0.5902 3.24472
0.5902 1.77915
0.5902 3.13541
0.5902 3.43947
0.5902 1.63217
0.5902 1.14002
0.5902 1.21034
0.5902 3.71587
0.5902 16.3064
0.5902 2.69436
0.5902 2.13289
0.5902 26.1014
0.5902 5.62957
0.5902 5.83128
0.5902 1.22125
0.5902 6.52506
0.5902 3.83091
0.5903 3.58701
0.5903 6.17789
0.5903 2.0864
0.5903 3.90046
0.5903 1.28287
0.5903 7.64273
0.5903 1.2114
0.5903 2.95046
0.5903 2.56127
0.5903 1.73992
0.5903 1.46575
0.5903 1.57728
0.5903 1.65262
0.5903 1.07641
0.5903 4.93383
0.5903 1.90112
0.5903 21.9457
0.5903 2.86432
0.5903 1.33677
0.5903 2.33747
0.5903 8.78767
0.5903 1.1211
0.5903 20.4788
0.5903 6.98286
0.5903 12.8223
0.5903 2.16656
0.5903 1.33777
0.5903 1.40552
0.5903 3.91584
0.5903 1.11025
0.5903 5.75615
0.5903 1.35326
0.5903 1.36937
0.5903 5.75865
0.5903 7.4297
0.5903 6.28519
0.5903 1.36232
0.5903 2.08024
0.5903 1.5843
0.5903 6.95453
0.5903 1.13105
0.5903 9.28454
0.5903 1.83644
0.5903 3.63724
0.5903 7.0349
0.5903 1.41481
0.5903 2.39399
0.5903 2.36406
0.5903 1.70847
0.5903 6.13285
0.5903 1.60147
0.5903 4.7318
0.5903 4.52078
0.5903 3.57434
0.5903 1.01554
0.5903 1.16164
0.5903 1.60865
0.5903 1.59908
0.5903 1.76889
0.5903 1.84016
0.5903 1.1656
0.5903 4.92936
0.5903 1.26436
0.5903 4.46038
0.5903 1.01564
0.5903 2.43758
0.5903 1.88766
0.5903 1.41601
0.5903 1.09582
0.5903 2.78959
0.5903 3.52938
0.5903 5.62207
0.5903 15.3361
0.5903 7.73063
0.5903 5.35272
0.5903 11.5365
0.5903 1.27899
0.5903 1.43747
0.5903 3.34401
0.5903 6.15993
0.5903 1.55823
0.5903 15.8004
0.5903 2.25873
0.5903 8.63912
0.5903 1.48549
0.5903 1.03851
0.5903 3.11776
0.5903 7.57823
0.5903 1.51988
0.5903 1.54122
0.5903 4.40073
0.5903 4.95479
0.5903 3.60032
0.5903 1.6621
0.5903 1.22163
0.5903 3.23175
0.5903 3.10025
0.5903 1.03429
0.5903 1.64083
0.5903 1.89915
0.5904 4.80742
0.5904 3.48104
0.5904 5.70976
0.5904 1.8819
0.5904 3.56326
0.5904 11.8008
0.5904 19.3048
0.5904 2.55292
0.5904 3.08386
0.5904 2.44438
0.5904 2.52891
0.5904 1.45799
0.5904 3.07344
0.5904 1.58458
0.5904 8.37888
0.5904 1.23332
0.5904 4.37546
0.5904 10.4991
0.5904 1.58321
0.5904 9.66408
0.5904 1.06025
0.5904 2.91247
0.5904 2.62178
0.5904 3.28497
0.5904 14.6206
0.5904 3.66699
0.5904 1.12382
0.5904 3.33466
0.5904 1.21935
0.5904 2.24564
0.5904 2.84253
0.5904 3.40177
0.5904 4.27072
0.5904 9.26921
0.5904 1.67664
0.5904 1.10383
0.5904 11.1918
0.5904 1.9219
0.5904 1.86745
0.5904 3.56878
0.5904 2.01017
0.5904 2.08664
0.5904 3.2488
0.5904 2.58026
0.5904 1.67081
0.5904 2.09326
0.5904 3.73817
0.5904 4.7916
0.5904 1.74148
0.5904 2.13393
0.5904 3.66511
0.5904 8.66255
0.5904 1.37198
0.5904 8.20173
0.5904 2.49168
0.5904 9.09792
0.5904 1.6644
0.5904 1.47494
0.5904 4.13065
0.5904 1.03161
0.5904 2.33772
0.5904 1.11377
0.5904 1.25555
0.5904 1.25134
0.5904 1.54977
0.5904 3.1858
0.5904 1.45059
0.5904 4.4897
0.5904 3.96385
0.5904 3.24106
0.5904 1.61264
0.5904 2.30282
0.5904 3.5072
0.5904 1.1969
0.5904 1.92653
0.5904 1.98729
0.5904 1.8283
0.5904 1.61462
0.5904 5.08819
0.5904 1.3904
0.5904 6.57516
0.5904 1.11406
0.5904 8.17454
0.5904 1.75
0.5904 8.06686
0.5904 2.26766
0.5904 2.65835
0.5904 1.78044
0.5904 2.80247
0.5904 2.08602
0.5904 2.0027
0.5904 4.91128
0.5904 34.5037
0.5904 2.71676
0.5904 3.02225
0.5904 2.00962
0.5904 1.1056
0.5904 5.36507
0.5904 3.68977
0.5904 12.8691
0.5905 1.01002
0.5905 7.18557
0.5905 15.1893
0.5905 1.32292
0.5905 4.17369
0.5905 5.5887
0.5905 5.73448
0.5905 4.20379
0.5905 2.66395
0.5905 3.31247
0.5905 2.05486
0.5905 5.18949
0.5905 1.0396
0.5905 1.73521
0.5905 1.26406
0.5905 1.34238
0.5905 2.36025
0.5905 2.25378
0.5905 13.6224
0.5905 3.89415
0.5905 9.57797
0.5905 2.51275
0.5905 2.39144
0.5905 1.0317
0.5905 1.73312
0.5905 1.3619
0.5905 1.85442
0.5905 1.21318
0.5905 4.17423
0.5905 8.06432
0.5905 1.41686
0.5905 2.31176
0.5905 1.18584
0.5905 1.19565
0.5905 1.44687
0.5905 11.5236
0.5905 1.3113
0.5905 15.2136
0.5905 1.3474
0.5905 2.5883
0.5905 1.4599
0.5905 1.95156
0.5905 4.37572
0.5905 1.81953
0.5905 1.41624
0.5905 1.91384
0.5905 6.45172
0.5905 2.47577
0.5905 2.68339
0.5905 5.67252
0.5905 1.66837
0.5905 4.55963
0.5905 1.92047
0.5905 1.27213
0.5905 1.77
0.5905 1.36898
0.5905 7.60326
0.5905 1.74439
0.5905 2.03961
0.5905 2.86793
0.5905 1.07807
0.5905 7.19448
0.5905 1.53876
0.5905 12.3125
0.5905 15.1168
0.5905 3.40185
0.5905 1.97382
0.5905 2.73116
0.5905 1.13069
0.5905 2.41498
0.5905 1.42193
0.5905 9.93708
0.5905 4.48773
0.5905 1.72682
0.5905 2.13641
0.5905 3.81898
0.5905 3.38103
0.5905 1.42636
0.5905 3.37192
0.5905 1.93396
0.5905 8.409
0.5905 1.21976
0.5905 7.32044
0.5905 4.59738
0.5905 2.70311
0.5905 9.74613
0.5905 1.31817
0.5905 1.67647
0.5905 6.36957
0.5905 3.18866
0.5905 4.16156
0.5905 11.7704
0.5905 3.74895
0.5905 2.04979
0.5905 1.47747
0.5905 1.36326
0.5905 1.25467
0.5905 5.94511
0.5905 1.46988
0.5905 2.01172
0.5906 6.39108
0.5906 1.83194
0.5906 3.46658
0.5906 9.24522
0.5906 24.6179
0.5906 2.05158
0.5906 1.92844
0.5906 2.9702
0.5906 2.52178
0.5906 14.5559
0.5906 9.62548
0.5906 4.45104
0.5906 1.35702
0.5906 2.74495
0.5906 7.68202
0.5906 14.3989
0.5906 4.94827
0.5906 18.9212
0.5906 18.2981
0.5906 3.47105
0.5906 1.3868
0.5906 1.86626
0.5906 8.1931
0.5906 3.91872
0.5906 11.8127
0.5906 1.55522
0.5906 2.00396
0.5906 4.72983
0.5906 6.33064
0.5906 5.74186
0.5906 2.15708
0.5906 6.23022
0.5906 1.24562
0.5906 2.75741
0.5906 2.6117
0.5906 1.68994
0.5906 2.58319
0.5906 1.34265
0.5906 4.65773
0.5906 2.85031
0.5906 1.26943
0.5906 3.17963
0.5906 1.48554
0.5906 1.29374
0.5906 3.05492
0.5906 1.27781
0.5906 1.70221
0.5906 1.46644
0.5906 3.15621
0.5906 2.9493
0.5906 1.6371
0.5906 1.17088
0.5906 1.43132
0.5906 1.11415
0.5906 15.0282
0.5906 2.70733
0.5906 3.07832
0.5906 2.12047
0.5906 4.46193
0.5906 22.2764
0.5906 1.48546
0.5906 3.34171
0.5906 20.4027
0.5906 1.1253
0.5906 1.34445
0.5906 8.37374
0.5906 3.45363
0.5906 1.04919
0.5906 1.09263
0.5906 8.79381
0.5906 5.36157
0.5906 5.23172
0.5906 7.55812
0.5906 3.23218
0.5906 4.9786
0.5906 4.33548
0.5906 3.7381
0.5906 1.91595
0.5906 2.58811
0.5906 1.66481
0.5906 5.66508
0.5906 1.05711
0.5906 7.4805
0.5906 2.79174
0.5906 35.5894
0.5906 1.22252
0.5906 9.08102
0.5906 9.27396
0.5906 1.04628
0.5906 12.5252
0.5906 9.53104
0.5906 1.40952
0.5906 8.27604
0.5906 3.41045
0.5906 1.14399
0.5906 5.4755
0.5906 1.99773
0.5906 4.60718
0.5906 2.12133
0.5906 5.73451
0.5907 1.11488
0.5907 4.39486
0.5907 3.09268
0.5907 2.66034
0.5907 11.5006
0.5907 2.82081
0.5907 4.2571
0.5907 1.12303
0.5907 4.49919
0.5907 1.90363
0.5907 1.03665
0.5907 2.75
0.5907 6.24632
0.5907 3.17111
0.5907 7.93735
0.5907 3.40503
0.5907 4.11503
0.5907 18.3418
0.5907 5.70401
0.5907 4.08307
0.5907 7.49858
0.5907 1.01892
0.5907 2.19324
0.5907 1.82422
0.5907 1.22156
0.5907 2.10164
0.5907 1.38453
0.5907 5.87036
0.5907 3.12014
0.5907 1.46164
0.5907 1.73334
0.5907 7.97386
0.5907 1.24225
0.5907 23.2764
0.5907 1.60125
0.5907 2.50818
0.5907 2.64346
0.5907 5.11845
0.5907 5.61225
0.5907 2.96898
0.5907 1.09442
0.5907 15.9225
0.5907 12.2469
0.5907 2.01945
0.5907 4.26003
0.5907 1.87637
0.5907 13.2622
0.5907 3.21398
0.5907 9.62714
0.5907 1.88636
0.5907 22.9149
0.5907 2.81298
0.5907 1.63318
0.5907 1.64724
0.5907 14.0963
0.5907 1.3377
0.5907 1.5908
0.5907 4.0386
0.5907 2.93605
0.5907 4.55951
0.5907 3.35639
0.5907 2.20141
0.5907 2.0269
0.5907 1.37606
0.5907 3.26352
0.5907 1.61688
0.5907 4.63451
0.5907 2.55789
0.5907 5.89754
0.5907 1.51691
0.5907 1.00711
0.5907 2.8114
0.5907 1.72832
0.5907 1.73838
0.5907 1.68677
0.5907 1.87828
0.5907 2.59928
0.5907 21.2392
0.5907 4.41325
0.5907 1.29972
0.5907 9.33957
0.5907 5.74919
0.5907 2.10085
0.5907 1.34418
0.5907 1.0798
0.5907 10.6217
0.5907 1.71157
0.5907 9.14535
0.5907 1.97666
0.5907 1.16025
0.5907 2.92927
0.5907 13.5559
0.5907 1.35595
0.5907 1.2592
0.5907 9.07113
0.5907 1.03657
0.5907 1.8733
0.5907 2.21143
0.5907 1.05638
0.5907 1.19811
0.5908 2.71693
0.5908 7.4677
0.5908 2.81146
0.5908 1.7357
0.5908 9.62857
0.5908 1.03644
0.5908 3.69949
0.5908 1.7607
0.5908 17.9265
0.5908 2.02087
0.5908 3.23192
0.5908 2.42261
0.5908 2.18076
0.5908 1.15005
0.5908 2.51549
0.5908 6.50421
0.5908 2.5338
0.5908 7.45499
0.5908 4.15351
0.5908 11.8648
0.5908 1.21395
0.5908 3.59253
0.5908 1.6236
0.5908 1.17032
0.5908 1.40518
0.5908 1.26299
0.5908 1.34528
0.5908 3.11566
0.5908 2.40205
0.5908 1.68715
0.5908 2.15317
0.5908 2.48184
0.5908 1.94521
0.5908 16.2394
0.5908 9.02715
0.5908 1.04942
0.5908 3.61062
0.5908 1.94009
0.5908 1.00501
0.5908 3.07793
0.5908 1.60795
0.5908 10.3126
0.5908 1.3134
0.5908 1.85084
0.5908 3.83731
0.5908 2.4272
0.5908 1.11689
0.5908 10.3822
0.5908 1.1206
0.5908 1.86726
0.5908 1.13923
0.5908 9.23954
0.5908 3.91895
0.5908 1.1798
0.5908 25.2576
0.5908 3.97026
0.5908 2.46165
0.5908 12.4823
0.5908 4.6448
0.5908 1.11385
0.5908 1.95972
0.5908 1.0277
0.5908 1.59666
0.5908 2.49423
0.5908 1.88709
0.5908 2.95264
0.5908 14.8915
0.5908 8.60931
0.5908 1.70088
0.5908 3.06776
0.5908 5.05161
0.5908 6.70658
0.5908 1.54743
0.5908 1.25612
0.5908 3.44513
0.5908 1.32631
0.5908 1.3584
0.5908 6.71911
0.5908 2.16938
0.5908 1.2945
0.5908 4.74545
0.5908 4.95885
0.5908 9.13445
0.5908 33.7687
0.5908 5.55093
0.5908 3.03993
0.5908 5.73173
0.5908 18.7452
0.5908 2.65835
0.5908 3.1153
0.5908 3.88201
0.5908 2.72165
0.5908 1.21416
0.5908 1.17079
0.5908 1.44968
0.5908 10.2382
0.5908 1.23302
0.5908 1.83997
0.5908 1.96002
0.5908 10.05
0.5909 1.08342
0.5909 1.03399
0.5909 7.26996
0.5909 62.3395
0.5909 7.67691
0.5909 13.9634
0.5909 10.6102
0.5909 18.9424
0.5909 4.91651
0.5909 3.69695
0.5909 19.896
0.5909 3.05324
0.5909 1.14812
0.5909 4.24779
0.5909 2.71016
0.5909 1.20976
0.5909 1.43381
0.5909 1.18196
0.5909 4.03387
0.5909 4.1616
0.5909 1.37832
0.5909 1.19889
0.5909 4.0452
0.5909 1.94112
0.5909 25.9261
0.5909 2.67196
0.5909 7.27559
0.5909 1.80457
0.5909 2.56314
0.5909 2.99524
0.5909 2.0606
0.5909 6.54011
0.5909 1.07028
0.5909 3.51094
0.5909 4.03435
0.5909 1.87406
0.5909 1.62722
0.5909 3.27332
0.5909 3.46906
0.5909 1.47815
0.5909 1.12993
0.5909 1.41352
0.5909 3.14171
0.5909 6.28387
0.5909 1.06838
0.5909 2.69758
0.5909 2.57149
0.5909 1.38223
0.5909 7.10979
0.5909 1.21805
0.5909 4.02263
0.5909 1.79531
0.5909 7.53664
0.5909 6.99325
0.5909 1.65768
0.5909 17.3247
0.5909 1.04884
0.5909 4.85995
0.5909 5.43395
0.5909 1.96219
0.5909 3.66675
0.5909 4.13168
0.5909 1.09668
0.5909 4.03497
0.5909 10.6545
0.5909 3.86245
0.5909 2.93509
0.5909 3.50379
0.5909 1.06852
0.5909 2.3624
0.5909 1.43826
0.5909 1.11323
0.5909 1.09951
0.5909 10.9164
0.5909 1.55739
0.5909 3.95152
0.5909 2.91719
0.5909 2.9501
0.5909 1.26142
0.5909 6.46679
0.5909 1.08033
0.5909 3.91975
0.5909 5.64199
0.5909 2.65046
0.5909 2.16185
0.5909 2.53031
0.5909 2.06699
0.5909 2.85441
0.5909 5.8888
0.5909 2.01114
0.5909 1.38435
0.5909 1.99228
0.5909 8.91194
0.5909 1.04994
0.5909 5.5733
0.5909 1.93573
0.5909 1.40858
0.5909 38.6616
0.5909 1.68406
0.5909 17.8272
0.591 2.08675
0.591 2.66309
0.591 5.40623
0.591 2.96725
0.591 1.45535
0.591 1.17436
0.591 2.0718
0.591 5.20047
0.591 1.31474
0.591 4.92689
0.591 7.01759
0.591 1.07392
0.591 4.86851
0.591 6.28803
0.591 1.80225
0.591 9.7967
0.591 1.65536
0.591 2.67407
0.591 8.82347
0.591 8.33653
0.591 7.56212
0.591 12.4211
0.591 4.79677
0.591 9.89517
0.591 2.11975
0.591 3.73065
0.591 5.77133
0.591 5.25937
0.591 1.98701
0.591 2.12577
0.591 2.03082
0.591 4.42739
0.591 3.74514
0.591 1.36062
0.591 1.2924
0.591 4.02712
0.591 1.73388
0.591 1.8682
0.591 1.41292
0.591 1.07763
0.591 3.05259
0.591 1.2244
0.591 1.80594
0.591 1.1186
0.591 1.14977
0.591 4.27028
0.591 1.45886
0.591 1.78789
0.591 3.93085
0.591 31.4361
0.591 3.55023
0.591 1.03049
0.591 1.78035
0.591 10.3101
0.591 1.07973
0.591 7.03684
0.591 2.16469
0.591 1.63317
0.591 1.42442
0.591 16.4678
0.591 5.80553
0.591 2.55159
0.591 5.10429
0.591 2.83781
0.591 3.4758
0.591 5.32707
0.591 2.88285
0.591 4.6323
0.591 4.82242
0.591 1.04664
0.591 18.1531
0.591 4.34407
0.591 1.2949
0.591 6.5482
0.591 1.55041
0.591 1.7275
0.591 6.05249
0.591 1.63846
0.591 5.63074
0.591 4.71114
0.591 6.95382
0.591 1.04232
0.591 10.2617
0.591 18.4314
0.591 20.3455
0.591 5.58598
0.591 1.37947
0.591 1.67389
0.591 4.9219
0.591 2.74192
0.591 20.3739
0.591 1.95063
0.591 19.2455
0.591 7.71813
0.591 1.10184
0.591 4.19704
0.591 2.86647
0.591 1.18013
0.591 1.86976
0.591 1.7307
0.5911 2.96189
0.5911 3.0611
0.5911 1.64642
0.5911 5.9416
0.5911 1.19956
0.5911 1.08186
0.5911 6.34063
0.5911 3.65206
0.5911 2.37613
0.5911 1.18576
0.5911 6.62664
0.5911 1.52493
0.5911 4.58088
0.5911 2.14833
0.5911 1.7205
0.5911 1.25838
0.5911 2.38887
0.5911 8.38064
0.5911 5.41498
0.5911 2.99578
0.5911 1.0537
0.5911 1.93313
0.5911 3.04221
0.5911 2.64633
0.5911 1.67268
0.5911 17.462
0.5911 8.2283
0.5911 1.76713
0.5911 1.27254
0.5911 1.22511
0.5911 2.58811
0.5911 3.00596
0.5911 5.25621
0.5911 2.47004
0.5911 1.85466
0.5911 2.97367
0.5911 2.15146
0.5911 2.86276
0.5911 15.4304
0.5911 1.81124
0.5911 3.16661
0.5911 1.83042
0.5911 2.25816
0.5911 1.73963
0.5911 2.36542
0.5911 2.80105
0.5911 2.1561
0.5911 1.39537
0.5911 2.55978
0.5911 1.55609
0.5911 1.6764
0.5911 1.04215
0.5911 16.8733
0.5911 3.34208
0.5911 8.62339
0.5911 3.03147
0.5911 2.26095
0.5911 11.1174
0.5911 15.8898
0.5911 2.32728
0.5911 1.3301
0.5911 2.56331
0.5911 4.64805
0.5911 6.93579
0.5911 4.39974
0.5911 2.54216
0.5911 3.41774
0.5911 1.4409
0.5911 3.37296
0.5911 1.21469
0.5911 4.03757
0.5911 3.12264
0.5911 1.97459
0.5911 1.15739
0.5911 2.2909
0.5911 4.26254
0.5911 48.2819
0.5911 2.26505
0.5911 2.32278
0.5911 1.54548
0.5911 1.08323
0.5911 1.35717
0.5911 2.0826
0.5911 1.14531
0.5911 5.69823
0.5911 10.3285
0.5911 1.26751
0.5911 16.5289
0.5911 1.0304
0.5911 2.60939
0.5911 3.53442
0.5911 6.33003
0.5911 3.19353
0.5911 1.60041
0.5911 3.64231
0.5911 1.97238
0.5911 1.57391
0.5911 13.9141
0.5911 1.33734
0.5911 9.16472
0.5912 1.00641
0.5912 2.85379
0.5912 2.00828
0.5912 6.65624
0.5912 1.38258
0.5912 1.47801
0.5912 4.41993
0.5912 1.22946
0.5912 6.006
0.5912 4.88132
0.5912 1.04144
0.5912 36.5167
0.5912 1.18026
0.5912 5.49076
0.5912 5.0068
0.5912 3.42504
0.5912 1.11811
0.5912 5.70479
0.5912 6.75071
0.5912 1.30914
0.5912 2.02112
0.5912 9.54206
0.5912 8.34212
0.5912 1.07536
0.5912 2.02492
0.5912 2.89643
0.5912 9.36716
0.5912 2.95223
0.5912 11.7325
0.5912 4.50959
0.5912 5.04245
0.5912 15.0791
0.5912 3.11067
0.5912 1.31234
0.5912 6.99352
0.5912 2.68109
0.5912 1.74047
0.5912 3.26932
0.5912 15.4538
0.5912 1.38387
0.5912 1.13036
0.5912 4.55804
0.5912 1.22592
0.5912 15.7144
0.5912 1.933
0.5912 13.4035
0.5912 1.23839
0.5912 1.89302
0.5912 1.56635
0.5912 4.67003
0.5912 4.36517
0.5912 2.42309
0.5912 3.93938
0.5912 1.20253
0.5912 2.27111
0.5912 4.70074
0.5912 4.18194
0.5912 1.45841
0.5912 40.3586
0.5912 3.294
0.5912 4.62183
0.5912 4.84261
0.5912 2.58837
0.5912 1.35339
0.5912 2.41457
0.5912 5.52812
0.5912 40.6588
0.5912 1.14302
0.5912 3.09525
0.5912 8.93735
0.5912 14.2365
0.5912 8.79404
0.5912 3.6281
0.5912 2.40294
0.5912 1.63642
0.5912 12.1472
0.5912 2.06723
0.5912 2.13324
0.5912 2.12121
0.5912 1.32346
0.5912 22.9355
0.5912 1.06756
0.5912 3.95278
0.5912 1.50871
0.5912 6.66063
0.5912 2.90187
0.5912 24.7318
0.5912 1.64782
0.5912 3.57988
0.5912 4.33961
0.5912 5.06926
0.5912 2.77685
0.5912 2.53634
0.5912 1.24154
0.5912 2.52592
0.5912 1.21872
0.5912 9.29431
0.5912 3.28548
0.5912 14.1112
0.5912 7.70311
0.5913 1.09189
0.5913 1.51691
0.5913 2.42798
0.5913 1.43041
0.5913 1.82692
0.5913 15.4761
0.5913 1.77568
0.5913 2.10109
0.5913 14.933
0.5913 3.46527
0.5913 1.38361
0.5913 8.87939
0.5913 6.13492
0.5913 1.1593
0.5913 9.73563
0.5913 3.75664
0.5913 1.53005
0.5913 3.71686
0.5913 4.16041
0.5913 2.47438
0.5913 1.03033
0.5913 1.30774
0.5913 1.04063
0.5913 1.5552
0.5913 1.15065
0.5913 1.48486
0.5913 1.10403
0.5913 1.00732
0.5913 1.78408
0.5913 7.0152
0.5913 14.7627
0.5913 5.27235
0.5913 2.08386
0.5913 18.1451
0.5913 19.9252
0.5913 17.0938
0.5913 1.09394
0.5913 2.2559
0.5913 8.936
0.5913 3.11828
0.5913 1.69822
0.5913 4.11958
0.5913 12.3995
0.5913 1.52917
0.5913 8.35636
0.5913 1.67693
0.5913 7.30367
0.5913 13.6257
0.5913 3.19897
0.5913 11.3597
0.5913 7.43188
0.5913 2.22026
0.5913 7.10941
0.5913 2.20381
0.5913 1.93002
0.5913 1.3862
0.5913 2.8602
0.5913 2.87474
0.5913 7.39292
0.5913 2.83495
0.5913 12.3301
0.5913 1.09089
0.5913 6.06917
0.5913 3.93637
0.5913 1.37077
0.5913 1.32187
0.5913 5.25809
0.5913 6.17893
0.5913 2.83736
0.5913 1.05979
0.5913 1.39006
0.5913 15.7755
0.5913 2.17083
0.5913 6.78223
0.5913 2.86578
0.5913 3.7397
0.5913 7.76702
0.5913 8.28466
0.5913 4.77638
0.5913 1.25418
0.5913 2.17904
0.5913 2.24476
0.5913 5.66161
0.5913 29.0114
0.5913 12.382
0.5913 5.76904
0.5913 6.0999
0.5913 1.75941
0.5913 2.1304
0.5913 2.14157
0.5913 1.02063
0.5913 3.22574
0.5913 2.07636
0.5913 2.88119
0.5913 2.15374
0.5913 4.45769
0.5913 1.82835
0.5913 1.48564
0.5913 1.73935
0.5913 2.02227
0.5914 4.93542
0.5914 1.87467
0.5914 2.41894
0.5914 2.19578
0.5914 3.78932
0.5914 2.19964
0.5914 1.40603
0.5914 2.4955
0.5914 1.49409
0.5914 1.06308
0.5914 4.028
0.5914 5.05821
0.5914 1.54688
0.5914 8.09419
0.5914 1.60133
0.5914 1.57688
0.5914 1.16935
0.5914 1.81316
0.5914 1.42904
0.5914 4.96771
0.5914 12.3394
0.5914 6.37512
0.5914 12.0492
0.5914 6.22911
0.5914 1.15876
0.5914 11.7113
0.5914 7.62641
0.5914 2.23503
0.5914 1.42912
0.5914 1.47916
0.5914 2.4148
0.5914 1.04957
0.5914 8.1862
0.5914 14.4631
0.5914 1.27451
0.5914 4.804
0.5914 1.83956
0.5914 1.58699
0.5914 4.23371
0.5914 1.28087
0.5914 1.37164
0.5914 6.47457
0.5914 11.3204
0.5914 12.1876
0.5914 1.75466
0.5914 3.76118
0.5914 29.272
0.5914 1.0415
0.5914 1.11401
0.5914 1.9119
0.5914 1.30777
0.5914 6.97914
0.5914 1.71946
0.5914 7.56877
0.5914 1.07091
0.5914 1.14349
0.5914 1.66492
0.5914 2.99456
0.5914 1.17717
0.5914 1.30412
0.5914 5.01464
0.5914 7.76074
0.5914 6.41249
0.5914 1.32184
0.5914 1.33433
0.5914 2.03596
0.5914 4.7341
0.5914 4.2755
0.5914 8.29792
0.5914 6.58483
0.5914 1.14843
0.5914 20.523
0.5914 12.3806
0.5914 1.53738
0.5914 5.02873
0.5914 4.10335
0.5914 5.33274
0.5914 5.44633
0.5914 2.85358
0.5914 1.43566
0.5914 1.41174
0.5914 2.37084
0.5914 1.71703
0.5914 2.29793
0.5914 3.10716
0.5914 2.8251
0.5914 2.19334
0.5914 2.22182
0.5914 13.804
0.5914 4.7181
0.5914 1.41973
0.5914 6.74062
0.5914 4.11549
0.5914 2.01207
0.5914 5.50097
0.5914 1.04921
0.5914 1.95989
0.5914 1.8215
0.5914 1.10763
0.5914 6.88746
0.5915 1.72809
0.5915 8.56442
0.5915 1.35011
0.5915 1.18763
0.5915 4.07728
0.5915 3.72774
0.5915 25.8968
0.5915 1.74877
0.5915 5.0921
0.5915 13.0333
0.5915 10.8888
0.5915 3.42654
0.5915 4.55384
0.5915 2.9203
0.5915 8.75932
0.5915 14.5473
0.5915 41.6634
0.5915 3.36203
0.5915 2.68824
0.5915 16.6509
0.5915 12.493
0.5915 2.6652
0.5915 6.64613
0.5915 1.86752
0.5915 6.19278
0.5915 1.56712
0.5915 6.05521
0.5915 2.97132
0.5915 2.08523
0.5915 6.81944
0.5915 3.24236
0.5915 1.09587
0.5915 2.32025
0.5915 1.08739
0.5915 1.63083
0.5915 1.07472
0.5915 1.19651
0.5915 3.25479
0.5915 8.30015
0.5915 3.43852
0.5915 5.74365
0.5915 1.27462
0.5915 7.17067
0.5915 1.53794
0.5915 2.59651
0.5915 2.76676
0.5915 7.12015
0.5915 2.81988
0.5915 5.8832
0.5915 11.4029
0.5915 1.36901
0.5915 1.20574
0.5915 3.70328
0.5915 3.41916
0.5915 3.03514
0.5915 4.21437
0.5915 10.4656
0.5915 1.22447
0.5915 1.03706
0.5915 5.21811
0.5915 2.94682
0.5915 5.34856
0.5915 21.3691
0.5915 1.09726
0.5915 1.6945
0.5915 18.0799
0.5915 8.43047
0.5915 4.44945
0.5915 10.6996
0.5915 1.58432
0.5915 1.62885
0.5915 3.69229
0.5915 1.21574
0.5915 3.9096
0.5915 10.2591
0.5915 2.89129
0.5915 2.95072
0.5915 6.01564
0.5915 1.19761
0.5915 2.22053
0.5915 13.8185
0.5915 3.66856
0.5915 3.99243
0.5915 2.85224
0.5915 1.30977
0.5915 1.31393
0.5915 1.76951
0.5915 2.31813
0.5915 1.53271
0.5915 1.979
0.5915 11.2808
0.5915 2.23441
0.5915 1.18246
0.5915 7.55754
0.5915 1.07617
0.5915 1.21074
0.5915 5.44545
0.5915 1.67554
0.5915 3.04641
0.5915 12.412
0.5916 1.64797
0.5916 15.2502
0.5916 1.4755
0.5916 1.89572
0.5916 1.24866
0.5916 9.87617
0.5916 1.16025
0.5916 1.13402
0.5916 1.6407
0.5916 1.16853
0.5916 1.5319
0.5916 6.87549
0.5916 29.3757
0.5916 1.17513
0.5916 2.0595
0.5916 1.97312
0.5916 1.15385
0.5916 10.5124
0.5916 8.7
0.5916 9.59118
0.5916 5.78661
0.5916 14.403
0.5916 29.6677
0.5916 1.52023
0.5916 3.23939
0.5916 1.61212
0.5916 19.2331
0.5916 1.03319
0.5916 5.69416
0.5916 47.3167
0.5916 2.15976
0.5916 1.61268
0.5916 2.01911
0.5916 5.20861
0.5916 1.38075
0.5916 15.2451
0.5916 3.55253
0.5916 7.65555
0.5916 1.25002
0.5916 6.89621
0.5916 3.80329
0.5916 1.1692
0.5916 1.22398
0.5916 2.11736
0.5916 2.49729
0.5916 34.8283
0.5916 2.5026
0.5916 3.88775
0.5916 1.1753
0.5916 7.08915
0.5916 1.02355
0.5916 2.71412
0.5916 10.3389
0.5916 9.87564
0.5916 2.23788
0.5916 9.14863
0.5916 1.42921
0.5916 8.36664
0.5916 5.25076
0.5916 32.1273
0.5916 2.49229
0.5916 1.00958
0.5916 1.73421
0.5916 4.80053
0.5916 1.20455
0.5916 1.7654
0.5916 2.617
0.5916 1.03492
0.5916 2.30108
0.5916 1.32838
0.5916 4.20629
0.5916 7.75304
0.5916 1.24869
0.5916 4.50467
0.5916 18.5392
0.5916 7.99296
0.5916 1.21047
0.5916 5.53294
0.5916 5.47502
0.5916 2.33139
0.5916 25.5965
0.5916 24.2799
0.5916 1.48496
0.5916 1.325
0.5916 3.46104
0.5916 17.8351
0.5916 23.3648
0.5916 2.2194
0.5916 9.13444
0.5916 4.51257
0.5916 1.17777
0.5916 1.16349
0.5916 3.77432
0.5916 3.51999
0.5916 7.42899
0.5916 1.09498
0.5916 1.91613
0.5916 2.9239
0.5916 2.65102
0.5916 10.4045
0.5917 9.42689
0.5917 3.02044
0.5917 4.00699
0.5917 4.35884
0.5917 21.063
0.5917 3.88837
0.5917 1.10664
0.5917 2.4881
0.5917 3.58062
0.5917 4.95205
0.5917 8.23355
0.5917 3.52188
0.5917 9.7707
0.5917 10.4382
0.5917 2.99347
0.5917 3.1345
0.5917 1.07242
0.5917 4.73046
0.5917 1.00025
0.5917 19.6083
0.5917 7.44627
0.5917 2.29956
0.5917 1.18056
0.5917 1.2813
0.5917 1.00867
0.5917 7.23568
0.5917 2.52546
0.5917 1.62124
0.5917 4.61599
0.5917 5.89306
0.5917 1.07162
0.5917 3.57811
0.5917 1.01637
0.5917 1.0677
0.5917 7.62309
0.5917 30.2172
0.5917 1.57015
0.5917 17.9838
0.5917 10.3783
0.5917 1.96083
0.5917 21.5432
0.5917 1.31331
0.5917 3.20205
0.5917 1.05639
0.5917 1.28344
0.5917 6.42543
0.5917 7.84884
0.5917 1.48427
0.5917 3.13248
0.5917 5.19541
0.5917 10.3862
0.5917 7.4231
0.5917 1.55323
0.5917 2.03555
0.5917 1.11511
0.5917 2.14854
0.5917 1.32596
0.5917 1.06266
0.5917 1.16153
0.5917 5.35107
0.5917 1.61888
0.5917 11.0965
0.5917 2.1403
0.5917 1.95251
0.5917 5.6967
0.5917 1.29609
0.5917 1.72802
0.5917 6.96314
0.5917 11.8733
0.5917 9.74626
0.5917 2.78034
0.5917 1.36709
0.5917 12.0956
0.5917 3.18194
0.5917 8.50027
0.5917 2.73508
0.5917 3.39
0.5917 2.18393
0.5917 6.13152
0.5917 9.26184
0.5917 3.86759
0.5917 4.83096
0.5917 8.47536
0.5917 5.88488
0.5917 1.10169
0.5917 30.643
0.5917 10.3393
0.5917 9.35112
0.5917 1.789
0.5917 19.4971
0.5917 2.27359
0.5917 13.1646
0.5917 2.77413
0.5917 1.03028
0.5917 5.82454
0.5917 3.39447
0.5917 10.2551
0.5917 4.35738
0.5917 1.22839
0.5917 2.82508
0.5918 2.06146
0.5918 1.6433
0.5918 7.45628
0.5918 3.67323
0.5918 1.48755
0.5918 1.34146
0.5918 4.84518
0.5918 1.07736
0.5918 13.5457
0.5918 1.14631
0.5918 5.05986
0.5918 2.06281
0.5918 9.57264
0.5918 9.34862
0.5918 2.24213
0.5918 6.65363
0.5918 4.40942
0.5918 1.294
0.5918 3.08294
0.5918 1.14337
0.5918 1.8071
0.5918 20.4758
0.5918 1.0234
0.5918 1.26095
0.5918 15.3961
0.5918 4.09067
0.5918 1.91289
0.5918 1.93837
0.5918 1.09705
0.5918 5.74799
0.5918 2.20362
0.5918 3.31187
0.5918 4.98472
0.5918 2.16785
0.5918 7.61763
0.5918 5.35339
0.5918 2.05438
0.5918 2.59532
0.5918 1.1272
0.5918 3.37038
0.5918 13.4957
0.5918 63.2437
0.5918 2.17811
0.5918 8.14988
0.5918 1.32392
0.5918 1.10091
0.5918 1.51518
0.5918 5.75114
0.5918 3.7568
0.5918 1.03829
0.5918 6.86229
0.5918 1.1722
0.5918 19.7159
0.5918 4.19604
0.5918 1.95209
0.5918 1.60312
0.5918 11.1726
0.5918 4.23343
0.5918 3.97578
0.5918 1.35514
0.5918 1.30694
0.5918 8.0693
0.5918 6.44273
0.5918 1.4558
0.5918 3.26828
0.5918 3.04666
0.5918 8.04028
0.5918 1.14965
0.5918 5.23505
0.5918 26.7098
0.5918 1.40957
0.5918 1.73862
0.5918 3.77624
0.5918 11.9927
0.5918 6.21093
0.5918 3.30449
0.5918 9.2698
0.5918 5.21689
0.5918 23.8967
0.5918 1.1998
0.5918 1.23639
0.5918 13.8132
0.5918 1.61869
0.5918 1.64387
0.5918 2.37157
0.5918 2.31576
0.5918 31.4672
0.5918 9.58607
0.5918 1.54164
0.5918 5.4664
0.5918 5.92949
0.5918 4.43105
0.5918 3.87754
0.5918 1.48591
0.5918 1.0819
0.5918 3.07796
0.5918 13.0403
0.5918 24.0082
0.5918 3.44965
0.5918 1.77012
0.5919 9.32488
0.5919 5.13051
0.5919 1.04287
0.5919 1.0549
0.5919 1.72631
0.5919 6.69013
0.5919 1.55265
0.5919 3.81552
0.5919 2.27473
0.5919 1.08944
0.5919 13.9522
0.5919 2.55491
0.5919 2.40717
0.5919 3.93024
0.5919 8.25653
0.5919 2.01397
0.5919 2.38757
0.5919 9.04254
0.5919 1.03819
0.5919 1.77375
0.5919 30.0045
0.5919 1.74137
0.5919 2.88124
0.5919 3.88835
0.5919 5.03199
0.5919 10.1626
0.5919 18.4142
0.5919 9.82548
0.5919 9.01444
0.5919 6.00037
0.5919 1.40831
0.5919 9.03439
0.5919 1.8573
0.5919 3.9439
0.5919 5.55839
0.5919 1.89894
0.5919 2.27937
0.5919 2.07953
0.5919 1.71413
0.5919 1.99084
0.5919 10.8777
0.5919 4.95884
0.5919 2.15475
0.5919 6.46956
0.5919 5.67228
0.5919 2.65823
0.5919 20.9283
0.5919 2.56795
0.5919 10.6016
0.5919 1.32444
0.5919 6.08007
0.5919 2.45681
0.5919 1.04968
0.5919 1.35778
0.5919 4.16794
0.5919 27.5105
0.5919 4.71533
0.5919 3.20782
0.5919 6.62476
0.5919 7.11064
0.5919 7.61855
0.5919 9.3503
0.5919 5.21932
0.5919 2.5109
0.5919 4.66578
0.5919 1.04297
0.5919 1.35288
0.5919 17.0181
0.5919 11.2697
0.5919 1.36454
0.5919 1.4067
0.5919 2.58642
0.5919 1.67669
0.5919 11.5799
0.5919 2.55385
0.5919 3.18601
0.5919 3.33209
0.5919 1.34834
0.5919 1.34028
0.5919 1.01565
0.5919 8.98372
0.5919 3.23567
0.5919 1.06787
0.5919 12.4061
0.5919 1.58966
0.5919 18.2966
0.5919 4.41479
0.5919 13.7219
0.5919 1.33892
0.5919 1.18248
0.5919 3.39484
0.5919 1.90156
0.5919 3.53418
0.5919 5.17581
0.5919 1.4807
0.5919 1.52719
0.5919 3.9529
0.5919 11.3647
0.5919 1.38353
0.5919 1.99992
0.592 2.57081
0.592 2.64725
0.592 5.68108
0.592 2.50963
0.592 1.43433
0.592 8.3203
0.592 2.94882
0.592 4.3038
0.592 1.58014
0.592 1.18319
0.592 7.10165
0.592 3.65795
0.592 2.78583
0.592 4.62466
0.592 2.30116
0.592 1.74593
0.592 1.35138
0.592 9.66303
0.592 2.0918
0.592 4.97307
0.592 5.70291
0.592 1.78669
0.592 2.26862
0.592 1.32736
0.592 1.54165
0.592 1.17634
0.592 1.5294
0.592 1.53762
0.592 4.14844
0.592 3.13887
0.592 1.29215
0.592 1.32715
0.592 4.22003
0.592 2.61055
0.592 1.99411
0.592 2.3032
0.592 1.66429
0.592 27.8633
0.592 1.06881
0.592 1.7425
0.592 5.47442
0.592 1.93394
0.592 1.22809
0.592 19.8372
0.592 1.01293
0.592 5.46086
0.592 1.19153
0.592 3.11261
0.592 2.56124
0.592 8.81968
0.592 3.52605
0.592 6.86297
0.592 1.93318
0.592 2.29376
0.592 29.7469
0.592 6.14311
0.592 1.98607
0.592 1.82237
0.592 2.85786
0.592 6.50044
0.592 1.44353
0.592 1.57929
0.592 1.81647
0.592 3.02975
0.592 2.69644
0.592 7.43682
0.592 5.35621
0.592 10.9013
0.592 7.12452
0.592 2.34584
0.592 15.3888
0.592 10.5545
0.592 1.53173
0.592 2.42258
0.592 1.00114
0.592 5.70204
0.592 3.43681
0.592 4.02551
0.592 27.8794
0.592 1.02659
0.592 6.45419
0.592 2.09332
0.592 21.0289
0.592 25.807
0.592 18.1183
0.592 2.88701
0.592 8.02801
0.592 1.00227
0.592 1.2325
0.592 2.30268
0.592 3.07364
0.592 3.66091
0.592 2.55407
0.592 1.43327
0.592 12.3455
0.592 13.2255
0.592 1.42009
0.592 4.78009
0.592 6.02425
0.592 17.5316
0.5921 31.9597
0.5921 2.0895
0.5921 6.36285
0.5921 5.37158
0.5921 2.34959
0.5921 3.19728
0.5921 58.9595
0.5921 1.68318
0.5921 1.59803
0.5921 6.20311
0.5921 2.13854
0.5921 25.9543
0.5921 8.34168
0.5921 2.6151
0.5921 2.83298
0.5921 1.00123
0.5921 2.3252
0.5921 1.45621
0.5921 1.30028
0.5921 1.48935
0.5921 11.5774
0.5921 1.8188
0.5921 2.01512
0.5921 2.85663
0.5921 12.785
0.5921 1.67731
0.5921 1.32665
0.5921 3.41427
0.5921 1.41411
0.5921 1.35562
0.5921 1.03364
0.5921 1.45767
0.5921 3.42044
0.5921 3.62952
0.5921 1.29004
0.5921 2.26201
0.5921 1.2259
0.5921 12.8239
0.5921 9.18906
0.5921 10.0624
0.5921 23.3597
0.5921 1.72459
0.5921 2.85823
0.5921 1.10016
0.5921 1.25446
0.5921 12.944
0.5921 4.26144
0.5921 3.94717
0.5921 9.77242
0.5921 2.55197
0.5921 1.77747
0.5921 2.86591
0.5921 15.9467
0.5921 8.34564
0.5921 50.5223
0.5921 10.0178
0.5921 2.53307
0.5921 1.63085
0.5921 1.67741
0.5921 2.24907
0.5921 3.26138
0.5921 1.42318
0.5921 11.2985
0.5921 2.49781
0.5921 10.5055
0.5921 9.60638
0.5921 9.13768
0.5921 30.1432
0.5921 2.07302
0.5921 1.12633
0.5921 1.1941
0.5921 14.607
0.5921 4.2246
0.5921 2.57591
0.5921 1.25811
0.5921 2.78061
0.5921 1.54244
0.5921 10.118
0.5921 5.22394
0.5921 19.8394
0.5921 2.97175
0.5921 2.51861
0.5921 2.6977
0.5921 1.10368
0.5921 1.55399
0.5921 5.85144
0.5921 12.1616
0.5921 2.20334
0.5921 5.07437
0.5921 1.61452
0.5921 1.54007
0.5921 2.5934
0.5921 1.02308
0.5921 2.92988
0.5921 1.70693
0.5921 13.1528
0.5921 4.49384
0.5921 26.3858
0.5921 21.0063
0.5921 14.208
0.5922 2.25993
0.5922 1.66803
0.5922 2.2636
0.5922 2.4255
0.5922 8.63622
0.5922 1.27698
0.5922 2.60787
0.5922 1.85832
0.5922 10.0619
0.5922 2.6482
0.5922 5.1389
0.5922 7.60528
0.5922 1.03487
0.5922 1.0158
0.5922 15.0866
0.5922 2.23517
0.5922 1.99072
0.5922 9.95128
0.5922 9.27343
0.5922 20.5118
0.5922 1.08495
0.5922 6.48106
0.5922 2.25963
0.5922 1.10132
0.5922 3.63858
0.5922 2.29913
0.5922 15.1933
0.5922 1.52716
0.5922 1.01754
0.5922 1.74345
0.5922 6.59538
0.5922 1.05462
0.5922 19.7419
0.5922 1.34598
0.5922 4.76209
0.5922 66.3613
0.5922 1.84646
0.5922 1.32853
0.5922 3.16636
0.5922 1.89298
0.5922 6.59574
0.5922 4.98332
0.5922 1.2414
0.5922 1.26053
0.5922 1.47663
0.5922 13.0153
0.5922 2.15901
0.5922 6.42466
0.5922 4.23891
0.5922 5.29103
0.5922 2.04665
0.5922 5.42977
0.5922 1.3014
0.5922 3.5565
0.5922 4.84098
0.5922 1.25795
0.5922 3.58216
0.5922 1.39198
0.5922 3.53763
0.5922 1.43566
0.5922 1.07157
0.5922 1.39985
0.5922 2.53553
0.5922 14.8125
0.5922 1.05883
0.5922 4.13411
0.5922 2.6124
0.5922 10.2237
0.5922 16.1477
0.5922 1.10059
0.5922 2.14123
0.5922 2.24692
0.5922 1.32555
0.5922 6.85974
0.5922 8.87305
0.5922 1.44997
0.5922 9.26055
0.5922 2.19335
0.5922 1.69289
0.5922 8.16781
0.5922 2.18506
0.5922 10.0043
0.5922 13.5408
0.5922 10.5946
0.5922 5.74903
0.5922 4.60106
0.5922 4.79449
0.5922 1.65651
0.5922 6.39826
0.5922 2.96474
0.5922 2.78904
0.5922 9.48191
0.5922 2.34472
0.5922 3.59568
0.5922 1.90116
0.5922 2.3402
0.5922 1.99956
0.5922 20.6588
0.5922 1.72369
0.5922 7.29462
0.5923 2.03921
0.5923 3.33811
0.5923 9.29371
0.5923 1.57869
0.5923 1.05021
0.5923 5.95479
0.5923 1.22577
0.5923 1.34381
0.5923 3.35586
0.5923 2.47303
0.5923 6.51567
0.5923 51.7153
0.5923 5.96511
0.5923 9.70564
0.5923 2.30026
0.5923 2.56068
0.5923 7.09209
0.5923 1.5213
0.5923 4.8227
0.5923 5.85027
0.5923 1.46383
0.5923 5.69327
0.5923 2.49293
0.5923 15.5399
0.5923 9.97776
0.5923 1.65181
0.5923 2.63435
0.5923 1.57095
0.5923 2.88343
0.5923 1.72221
0.5923 5.75786
0.5923 3.18674
0.5923 1.4673
0.5923 15.2719
0.5923 7.73115
0.5923 2.08494
0.5923 16.1893
0.5923 1.48114
0.5923 12.0626
0.5923 3.01771
0.5923 6.17714
0.5923 1.96775
0.5923 20.1052
0.5923 3.84404
0.5923 1.021
0.5923 3.75236
0.5923 1.18062
0.5923 2.52765
0.5923 23.1349
0.5923 2.13021
0.5923 1.21182
0.5923 1.28571
0.5923 1.50563
0.5923 1.53958
0.5923 4.22409
0.5923 2.05498
0.5923 1.2081
0.5923 22.094
0.5923 7.42064
0.5923 1.39951
0.5923 23.1399
0.5923 1.97019
0.5923 14.3043
0.5923 2.69061
0.5923 1.35792
0.5923 9.64388
0.5923 3.58192
0.5923 2.81767
0.5923 6.8966
0.5923 6.38207
0.5923 2.12424
0.5923 3.95393
0.5923 1.53344
0.5923 1.44432
0.5923 1.26506
0.5923 4.62021
0.5923 3.50623
0.5923 2.86994
0.5923 1.88452
0.5923 2.62782
0.5923 21.9469
0.5923 4.77872
0.5923 1.27995
0.5923 1.48346
0.5923 6.38087
0.5923 2.40211
0.5923 9.52124
0.5923 3.77655
0.5923 19.0294
0.5923 1.42205
0.5923 2.32779
0.5923 3.25062
0.5923 1.65645
0.5923 1.79159
0.5923 1.97184
0.5923 32.3729
0.5923 1.3027
0.5923 24.517
0.5923 7.16966
0.5923 31.5126
0.5924 1.73576
0.5924 2.12942
0.5924 1.35119
0.5924 11.2766
0.5924 1.79728
0.5924 1.34762
0.5924 5.39357
0.5924 2.77088
0.5924 1.4265
0.5924 1.19978
0.5924 1.56018
0.5924 2.85521
0.5924 1.8334
0.5924 1.34498
0.5924 1.89592
0.5924 20.1154
0.5924 15.5258
0.5924 1.16019
0.5924 4.22412
0.5924 5.31622
0.5924 11.3839
0.5924 40.6938
0.5924 3.87656
0.5924 5.74224
0.5924 30.4824
0.5924 2.04082
0.5924 9.29519
0.5924 2.65538
0.5924 6.63051
0.5924 7.8218
0.5924 22.6582
0.5924 5.02587
0.5924 38.7938
0.5924 1.13127
0.5924 5.97107
0.5924 9.32805
0.5924 2.26491
0.5924 4.64069
0.5924 1.04417
0.5924 3.76518
0.5924 36.8659
0.5924 10.1831
0.5924 8.67067
0.5924 1.27764
0.5924 1.44945
0.5924 3.04757
0.5924 6.19001
0.5924 4.16006
0.5924 17.616
0.5924 2.2842
0.5924 1.13474
0.5924 5.70554
0.5924 5.8367
0.5924 1.34324
0.5924 1.37895
0.5924 2.14798
0.5924 7.56838
0.5924 1.29791
0.5924 15.2563
0.5924 2.7629
0.5924 2.31881
0.5924 1.19308
0.5924 19.3655
0.5924 11.6744
0.5924 1.01936
0.5924 3.14918
0.5924 1.02789
0.5924 1.30343
0.5924 20.1616
0.5924 2.02484
0.5924 3.802
0.5924 3.40482
0.5924 2.05418
0.5924 12.8109
0.5924 60.213
0.5924 4.73878
0.5924 5.60118
0.5924 1.59491
0.5924 8.5728
0.5924 7.89827
0.5924 3.84481
0.5924 1.39621
0.5924 13.3205
0.5924 13.5897
0.5924 9.86138
0.5924 2.62523
0.5924 2.26599
0.5924 2.8236
0.5924 1.01562
0.5924 2.32917
0.5924 9.10255
0.5924 1.42468
0.5924 4.28435
0.5924 6.5425
0.5924 1.87775
0.5924 1.72677
0.5924 1.84131
0.5924 12.066
0.5924 1.51494
0.5924 1.81585
0.5925 9.9005
0.5925 8.78638
0.5925 1.28988
0.5925 4.77619
0.5925 6.87949
0.5925 5.10952
0.5925 9.4637
0.5925 31.4956
0.5925 27.747
0.5925 4.91734
0.5925 29.8374
0.5925 3.52579
0.5925 3.44414
0.5925 4.16281
0.5925 15.1353
0.5925 1.36174
0.5925 4.54303
0.5925 6.93717
0.5925 2.6092
0.5925 2.23226
0.5925 1.56382
0.5925 2.25215
0.5925 5.36895
0.5925 8.97345
0.5925 15.4911
0.5925 3.5611
0.5925 4.60861
0.5925 8.49303
0.5925 3.45216
0.5925 9.00225
0.5925 1.57957
0.5925 2.10873
0.5925 3.81725
0.5925 1.86825
0.5925 1.0233
0.5925 1.94467
0.5925 7.00674
0.5925 1.0003
0.5925 6.49706
0.5925 35.1595
0.5925 2.76914
0.5925 2.28959
0.5925 5.72922
0.5925 14.1548
0.5925 25.8986
0.5925 1.99979
0.5925 1.11466
0.5925 4.96352
0.5925 7.10107
0.5925 11.6703
0.5925 1.20819
0.5925 2.55704
0.5925 2.95334
0.5925 2.94905
0.5925 9.88327
0.5925 8.16598
0.5925 4.80018
0.5925 2.55555
0.5925 1.75948
0.5925 1.27128
0.5925 2.01911
0.5925 1.47689
0.5925 3.71464
0.5925 2.06524
0.5925 3.82634
0.5925 2.60559
0.5925 11.806
0.5925 1.46186
0.5925 4.17696
0.5925 11.1214
0.5925 1.36166
0.5925 4.03871
0.5925 19.7664
0.5925 2.83543
0.5925 17.0288
0.5925 1.19571
0.5925 2.09348
0.5925 2.87215
0.5925 2.20759
0.5925 2.62219
0.5925 7.41086
0.5925 3.66167
0.5925 2.52952
0.5925 7.77391
0.5925 11.138
0.5925 1.03033
0.5925 2.14614
0.5925 4.8723
0.5925 2.02243
0.5925 1.09303
0.5925 2.80554
0.5925 8.1579
0.5925 2.23991
0.5925 6.9468
0.5925 5.10716
0.5925 2.42084
0.5925 14.6966
0.5925 14.8157
0.5925 3.87848
0.5925 3.86003
0.5926 4.29313
0.5926 31.3816
0.5926 4.0489
0.5926 4.09205
0.5926 5.86281
0.5926 2.98127
0.5926 11.0472
0.5926 11.1953
0.5926 1.78907
0.5926 21.1983
0.5926 2.5153
0.5926 1.92318
0.5926 3.05041
0.5926 1.62223
0.5926 1.68629
0.5926 8.21011
0.5926 10.5325
0.5926 2.61631
0.5926 2.59759
0.5926 1.29593
0.5926 3.5446
0.5926 7.99211
0.5926 3.10142
0.5926 6.32612
0.5926 21.7648
0.5926 5.48694
0.5926 1.20722
0.5926 5.57113
0.5926 1.2106
0.5926 5.68247
0.5926 2.88384
0.5926 22.4753
0.5926 3.5145
0.5926 12.1605
0.5926 5.05826
0.5926 3.20311
0.5926 1.01798
0.5926 1.44201
0.5926 1.09693
0.5926 2.03083
0.5926 1.40163
0.5926 14.0765
0.5926 11.2157
0.5926 4.23222
0.5926 1.15901
0.5926 1.23984
0.5926 2.27399
0.5926 2.65042
0.5926 2.78378
0.5926 3.24462
0.5926 4.59845
0.5926 5.16476
0.5926 2.75057
0.5926 7.07085
0.5926 12.1851
0.5926 1.80538
0.5926 5.65803
0.5926 8.43404
0.5926 1.73439
0.5926 47.1324
0.5926 2.80319
0.5926 1.20896
0.5926 1.45801
0.5926 2.35996
0.5926 117.801
0.5926 3.55818
0.5926 4.72551
0.5926 1.18014
0.5926 2.53499
0.5926 1.29129
0.5926 24.7242
0.5926 1.80289
0.5926 11.505
0.5926 6.04815
0.5926 8.48006
0.5926 1.81734
0.5926 1.20509
0.5926 19.1374
0.5926 1.23463
0.5926 9.32394
0.5926 1.3542
0.5926 1.13223
0.5926 1.42323
0.5926 1.44783
0.5926 4.76119
0.5926 1.33262
0.5926 13.0403
0.5926 3.14229
0.5926 29.7176
0.5926 3.67976
0.5926 1.42079
0.5926 3.2802
0.5926 2.08904
0.5926 1.09883
0.5926 2.00068
0.5926 1.50468
0.5926 2.47954
0.5926 3.66154
0.5926 10.4793
0.5926 1.42084
0.5927 1.53413
0.5927 5.3689
0.5927 2.0225
0.5927 7.1869
0.5927 2.68933
0.5927 1.33557
0.5927 1.79165
0.5927 6.62303
0.5927 2.38425
0.5927 2.93833
0.5927 5.65515
0.5927 1.21122
0.5927 10.2502
0.5927 1.33828
0.5927 1.31303
0.5927 7.96367
0.5927 1.41419
0.5927 7.97819
0.5927 7.37064
0.5927 2.13166
0.5927 10.5322
0.5927 5.19499
0.5927 1.42606
0.5927 1.86141
0.5927 2.12754
0.5927 17.9009
0.5927 1.02736
0.5927 1.88727
0.5927 1.17127
0.5927 1.77786
0.5927 6.13724
0.5927 2.75011
0.5927 1.52374
0.5927 18.6943
0.5927 1.47474
0.5927 10.441
0.5927 1.95646
0.5927 2.87857
0.5927 15.5192
0.5927 1.14966
0.5927 6.23038
0.5927 2.7369
0.5927 7.24614
0.5927 1.30227
0.5927 8.56959
0.5927 8.58058
0.5927 1.63034
0.5927 2.308
0.5927 2.46479
0.5927 24.2079
0.5927 3.39339
0.5927 49.2985
0.5927 1.67116
0.5927 1.42027
0.5927 1.48455
0.5927 4.11897
0.5927 5.81637
0.5927 7.11907
0.5927 2.77201
0.5927 1.0077
0.5927 5.98036
0.5927 2.22226
0.5927 1.20952
0.5927 4.97309
0.5927 2.73637
0.5927 3.06148
0.5927 11.8358
0.5927 1.80562
0.5927 3.41862
0.5927 2.13243
0.5927 1.09569
0.5927 8.30723
0.5927 6.93222
0.5927 5.58718
0.5927 3.13391
0.5927 1.93683
0.5927 37.1495
0.5927 2.1782
0.5927 1.06609
0.5927 7.32679
0.5927 12.183
0.5927 1.14124
0.5927 1.5177
0.5927 5.00194
0.5927 11.9022
0.5927 13.8596
0.5927 2.20928
0.5927 1.52588
0.5927 2.01718
0.5927 1.95907
0.5927 4.91098
0.5927 1.75515
0.5927 7.62333
0.5927 1.0249
0.5927 1.74135
0.5927 2.58503
0.5927 1.02532
0.5927 5.63461
0.5927 4.10511
0.5927 1.28065
0.5928 4.84114
0.5928 3.39931
0.5928 8.30687
0.5928 1.73911
0.5928 1.85108
0.5928 2.72346
0.5928 3.80185
0.5928 8.32981
0.5928 4.06309
0.5928 11.2038
0.5928 1.86035
0.5928 1.62844
0.5928 5.99256
0.5928 1.49446
0.5928 4.7048
0.5928 27.8081
0.5928 3.18367
0.5928 1.97187
0.5928 1.0801
0.5928 5.64986
0.5928 1.76385
0.5928 3.40393
0.5928 6.99353
0.5928 1.48206
0.5928 1.33182
0.5928 3.08124
0.5928 4.03776
0.5928 1.30872
0.5928 3.16055
0.5928 7.64196
0.5928 1.5366
0.5928 3.61231
0.5928 2.13141
0.5928 5.1666
0.5928 1.60473
0.5928 1.37497
0.5928 6.86964
0.5928 19.1225
0.5928 3.76565
0.5928 1.10336
0.5928 1.00786
0.5928 4.284
0.5928 2.88501
0.5928 5.99423
0.5928 5.58776
0.5928 7.56764
0.5928 7.9425
0.5928 10.5166
0.5928 1.60812
0.5928 3.8837
0.5928 17.0317
0.5928 3.34508
0.5928 8.92259
0.5928 6.80003
0.5928 5.4467
0.5928 3.6843
0.5928 2.34403
0.5928 5.89682
0.5928 1.57708
0.5928 8.44904
0.5928 8.49982
0.5928 4.21452
0.5928 3.70364
0.5928 15.6036
0.5928 2.2314
0.5928 2.36975
0.5928 1.2812
0.5928 4.63271
0.5928 1.23563
0.5928 3.8861
0.5928 2.62145
0.5928 1.94738
0.5928 4.34069
0.5928 1.02311
0.5928 39.268
0.5928 7.03944
0.5928 14.5304
0.5928 26.7515
0.5928 2.02029
0.5928 7.17378
0.5928 1.29552
0.5928 3.03127
0.5928 19.1446
0.5928 4.64544
0.5928 1.82632
0.5928 5.71472
0.5928 1.23302
0.5928 7.04613
0.5928 1.08312
0.5928 4.94237
0.5928 4.13139
0.5928 8.59681
0.5928 8.582
0.5928 3.96337
0.5928 21.7361
0.5928 5.77764
0.5928 1.55074
0.5928 1.5612
0.5928 2.64388
0.5928 10.4884
0.5929 1.07361
0.5929 2.72523
0.5929 2.09798
0.5929 1.67949
0.5929 3.76759
0.5929 1.59007
0.5929 18.5725
0.5929 5.46206
0.5929 2.03346
0.5929 23.8141
0.5929 1.60071
0.5929 4.60623
0.5929 1.70344
0.5929 1.86565
0.5929 13.8747
0.5929 3.49137
0.5929 16.4466
0.5929 4.0609
0.5929 2.96814
0.5929 1.42729
0.5929 5.01377
0.5929 14.4923
0.5929 14.2676
0.5929 2.20383
0.5929 5.14707
0.5929 1.74081
0.5929 1.04155
0.5929 7.04722
0.5929 1.51477
0.5929 2.05498
0.5929 1.98299
0.5929 1.2672
0.5929 1.89195
0.5929 11.5
0.5929 2.27877
0.5929 2.19453
0.5929 1.33472
0.5929 1.10854
0.5929 1.26293
0.5929 10.753
0.5929 9.74147
0.5929 4.81693
0.5929 1.06323
0.5929 1.81685
0.5929 6.86433
0.5929 53.5172
0.5929 1.32764
0.5929 9.64961
0.5929 1.33062
0.5929 1.38671
0.5929 3.6275
0.5929 17.7442
0.5929 3.58034
0.5929 2.45065
0.5929 2.46095
0.5929 15.8805
0.5929 2.94517
0.5929 2.58014
0.5929 1.50533
0.5929 31.225
0.5929 10.9614
0.5929 1.72413
0.5929 4.93573
0.5929 3.08189
0.5929 3.71594
0.5929 6.3971
0.5929 2.20193
0.5929 1.71367
0.5929 1.29387
0.5929 2.86592
0.5929 36.2756
0.5929 14.4366
0.5929 2.86181
0.5929 3.96693
0.5929 10.408
0.5929 4.01071
0.5929 1.9915
0.5929 3.20914
0.5929 1.452
0.5929 4.11225
0.5929 4.19504
0.5929 5.33186
0.5929 1.68818
0.5929 9.83439
0.5929 6.67152
0.5929 23.8533
0.5929 9.72242
0.5929 3.59592
0.5929 1.02535
0.5929 2.77113
0.5929 1.05749
0.5929 1.57815
0.5929 2.15717
0.5929 7.67194
0.5929 1.1129
0.5929 14.7078
0.5929 5.48048
0.5929 10.5282
0.5929 20.5017
0.5929 10.3679
0.593 9.34704
0.593 11.3597
0.593 1.74792
0.593 9.42493
0.593 2.9081
0.593 7.44145
0.593 2.76633
0.593 3.32365
0.593 1.51246
0.593 3.71036
0.593 5.13037
0.593 1.08992
0.593 1.01865
0.593 16.9652
0.593 1.09341
0.593 14.3702
0.593 3.78638
0.593 1.53787
0.593 2.9856
0.593 3.8001
0.593 2.9085
0.593 1.12272
0.593 24.7798
0.593 5.91258
0.593 1.13472
0.593 4.49318
0.593 1.59839
0.593 2.88065
0.593 3.76596
0.593 3.27982
0.593 6.5634
0.593 1.30477
0.593 4.50227
0.593 13.2413
0.593 4.65068
0.593 1.33807
0.593 10.8957
0.593 4.02247
0.593 14.3797
0.593 3.83159
0.593 3.59217
0.593 2.55476
0.593 5.88173
0.593 15.7419
0.593 1.23189
0.593 8.40506
0.593 17.5915
0.593 2.05302
0.593 2.067
0.593 9.81273
0.593 7.90577
0.593 3.59334
0.593 40.4513
0.593 1.60517
0.593 2.85262
0.593 6.53204
0.593 11.6831
0.593 2.64307
0.593 12.5562
0.593 1.37583
0.593 1.01662
0.593 7.01192
0.593 4.65686
0.593 1.07667
0.593 9.62731
0.593 15.2697
0.593 12.6605
0.593 6.82572
0.593 5.25475
0.593 6.98422
0.593 1.72054
0.593 9.91477
0.593 1.53828
0.593 2.062
0.593 1.22547
0.593 5.48225
0.593 2.69181
0.593 2.84849
0.593 7.79121
0.593 1.57448
0.593 1.10038
0.593 8.97581
0.593 3.39402
0.593 6.26346
0.593 59.7982
0.593 1.27051
0.593 3.49468
0.593 4.93179
0.593 6.56033
0.593 2.82667
0.593 17.0872
0.593 2.14192
0.593 1.43436
0.593 7.3539
0.593 9.19617
0.593 2.38303
0.593 1.98522
0.593 1.59314
0.593 2.3897
0.593 15.4378
0.5931 1.30595
0.5931 1.98741
0.5931 1.14307
0.5931 3.38432
0.5931 1.43705
0.5931 33.2332
0.5931 1.89388
0.5931 5.61785
0.5931 4.78246
0.5931 1.27429
0.5931 2.78852
0.5931 10.5409
0.5931 3.35052
0.5931 1.4908
0.5931 1.45384
0.5931 2.41336
0.5931 1.14591
0.5931 14.3743
0.5931 3.71119
0.5931 6.064
0.5931 11.1919
0.5931 11.1724
0.5931 1.04194
0.5931 1.08063
0.5931 6.27591
0.5931 1.22375
0.5931 7.81781
0.5931 3.91607
0.5931 11.9868
0.5931 2.09313
0.5931 18.6723
0.5931 1.32124
0.5931 7.58855
0.5931 1.81375
0.5931 11.2955
0.5931 5.19008
0.5931 2.45088
0.5931 2.17605
0.5931 2.13161
0.5931 4.1809
0.5931 13.783
0.5931 5.85774
0.5931 1.51207
0.5931 2.61741
0.5931 2.22082
0.5931 8.14624
0.5931 29.7047
0.5931 4.14471
0.5931 3.56583
0.5931 6.96024
0.5931 2.04743
0.5931 2.3156
0.5931 21.3593
0.5931 3.69827
0.5931 1.54253
0.5931 1.92277
0.5931 1.29857
0.5931 2.86191
0.5931 14.1725
0.5931 2.53296
0.5931 21.8954
0.5931 1.4071
0.5931 2.49668
0.5931 71.5456
0.5931 1.34532
0.5931 4.75303
0.5931 7.59513
0.5931 10.7495
0.5931 2.38292
0.5931 2.04735
0.5931 3.33205
0.5931 2.74337
0.5931 10.983
0.5931 1.85986
0.5931 1.07845
0.5931 1.16025
0.5931 1.30238
0.5931 2.08766
0.5931 1.50762
0.5931 2.89464
0.5931 1.02462
0.5931 18.6083
0.5931 2.08713
0.5931 2.44635
0.5931 1.16537
0.5931 1.42695
0.5931 3.06947
0.5931 11.5461
0.5931 2.34414
0.5931 5.49621
0.5931 1.85738
0.5931 5.16734
0.5931 2.27153
0.5931 3.71373
0.5931 6.28477
0.5931 9.43595
0.5931 2.73331
0.5931 1.0266
0.5931 1.05568
0.5931 6.77218
0.5932 2.0104
0.5932 1.91047
0.5932 6.5923
0.5932 3.97627
0.5932 1.01965
0.5932 1.386
0.5932 6.10566
0.5932 5.82792
0.5932 3.24123
0.5932 1.10896
0.5932 16.9737
0.5932 1.38615
0.5932 1.97369
0.5932 2.53147
0.5932 10.38
0.5932 1.74855
0.5932 6.59977
0.5932 14.0431
0.5932 3.00893
0.5932 1.00579
0.5932 9.67968
0.5932 7.82713
0.5932 3.12499
0.5932 12.1977
0.5932 2.37048
0.5932 1.59963
0.5932 4.20115
0.5932 24.6388
0.5932 3.34119
0.5932 1.43021
0.5932 16.1543
0.5932 1.77593
0.5932 2.72154
0.5932 9.04393
0.5932 10.506
0.5932 3.9112
0.5932 10.1165
0.5932 5.191
0.5932 1.73317
0.5932 8.04142
0.5932 2.77424
0.5932 13.8291
0.5932 1.02986
0.5932 1.5206
0.5932 2.05677
0.5932 9.52483
0.5932 48.479
0.5932 2.25001
0.5932 10.3695
0.5932 38.0561
0.5932 1.23127
0.5932 3.06692
0.5932 1.55172
0.5932 49.5631
0.5932 15.11
0.5932 16.139
0.5932 2.86356
0.5932 1.28792
0.5932 4.51671
0.5932 1.52452
0.5932 15.3778
0.5932 7.00278
0.5932 2.74024
0.5932 10.9733
0.5932 2.42369
0.5932 3.10723
0.5932 1.93811
0.5932 3.63695
0.5932 2.41416
0.5932 2.19855
0.5932 1.52082
0.5932 3.62395
0.5932 2.95198
0.5932 3.54744
0.5932 2.94123
0.5932 1.01108
0.5932 5.23721
0.5932 1.71294
0.5932 6.384
0.5932 1.5253
0.5932 24.7907
0.5932 1.01829
0.5932 1.93185
0.5932 19.8287
0.5932 1.26487
0.5932 5.01453
0.5932 1.55408
0.5932 1.6848
0.5932 6.90808
0.5932 1.68802
0.5932 4.58278
0.5932 9.78444
0.5932 1.15881
0.5932 8.42076
0.5932 11.719
0.5932 1.15242
0.5932 4.62016
0.5932 3.42071
0.5932 2.36694
0.5932 8.28195
0.5933 2.22184
0.5933 1.155
0.5933 13.1186
0.5933 7.09151
0.5933 44.8602
0.5933 11.3677
0.5933 2.14108
0.5933 2.93658
0.5933 1.51998
0.5933 1.26619
0.5933 16.8636
0.5933 1.50395
0.5933 1.82765
0.5933 4.43025
0.5933 7.29088
0.5933 1.85585
0.5933 5.2239
0.5933 18.61
0.5933 4.98315
0.5933 16.079
0.5933 2.58616
0.5933 1.48501
0.5933 13.268
0.5933 6.50529
0.5933 1.092
0.5933 2.22286
0.5933 10.1646
0.5933 1.10491
0.5933 8.86762
0.5933 14.5466
0.5933 14.9159
0.5933 1.38647
0.5933 8.51171
0.5933 2.21312
0.5933 4.11151
0.5933 7.10078
0.5933 10.1442
0.5933 5.267
0.5933 5.33012
0.5933 4.86557
0.5933 1.68323
0.5933 6.55859
0.5933 1.83848
0.5933 1.63073
0.5933 6.0504
0.5933 4.60386
0.5933 2.30177
0.5933 1.90014
0.5933 13.7042
0.5933 10.62
0.5933 9.49636
0.5933 1.76285
0.5933 1.3977
0.5933 3.89222
0.5933 5.61316
0.5933 7.74203
0.5933 15.9415
0.5933 9.69728
0.5933 2.86597
0.5933 2.20467
0.5933 3.6312
0.5933 47.9281
0.5933 1.21681
0.5933 1.79391
0.5933 1.44991
0.5933 3.29854
0.5933 1.2565
0.5933 51.7426
0.5933 3.35831
0.5933 13.8364
0.5933 20.9548
0.5933 4.98724
0.5933 7.11295
0.5933 8.259
0.5933 19.4767
0.5933 1.46111
0.5933 5.52333
0.5933 1.8726
0.5933 6.16641
0.5933 2.46924
0.5933 2.13374
0.5933 6.66643
0.5933 1.38105
0.5933 1.70706
0.5933 4.1993
0.5933 4.17297
0.5933 79.7976
0.5933 9.68678
0.5933 15.5585
0.5933 4.39495
0.5933 1.65161
0.5933 1.84444
0.5933 3.52479
0.5933 20.4037
0.5933 8.47739
0.5933 1.98573
0.5933 1.67316
0.5933 1.03214
0.5933 17.1856
0.5933 12.7733
0.5934 1.02666
0.5934 12.9628
0.5934 4.47263
0.5934 1.80236
0.5934 3.60685
0.5934 16.2428
0.5934 8.10449
0.5934 1.01871
0.5934 3.22393
0.5934 1.65287
0.5934 23.4377
0.5934 1.00809
0.5934 1.17855
0.5934 2.241
0.5934 7.50555
0.5934 13.4754
0.5934 11.59
0.5934 8.87522
0.5934 5.88721
0.5934 5.82788
0.5934 5.8606
0.5934 3.37021
0.5934 7.0247
0.5934 6.67556
0.5934 37.8819
0.5934 1.01336
0.5934 3.70132
0.5934 16.4557
0.5934 27.2613
0.5934 2.27419
0.5934 1.12784
0.5934 6.35647
0.5934 6.00647
0.5934 4.03913
0.5934 3.64993
0.5934 2.06183
0.5934 4.48111
0.5934 1.14828
0.5934 35.9351
0.5934 5.93819
0.5934 1.76891
0.5934 13.115
0.5934 1.39054
0.5934 3.02613
0.5934 2.10611
0.5934 3.89392
0.5934 5.0183
0.5934 5.72908
0.5934 4.66017
0.5934 16.5919
0.5934 4.34366
0.5934 26.0988
0.5934 1.42216
0.5934 6.01899
0.5934 16.8128
0.5934 1.35505
0.5934 10.8791
0.5934 3.99899
0.5934 6.88671
0.5934 5.7712
0.5934 3.61588
0.5934 13.5552
0.5934 8.7884
0.5934 1.73029
0.5934 3.70479
0.5934 21.784
0.5934 2.8653
0.5934 2.95711
0.5934 22.9078
0.5934 8.9723
0.5934 1.50386
0.5934 34.2827
0.5934 3.54456
0.5934 2.28739
0.5934 9.3915
0.5934 21.1788
0.5934 8.719
0.5934 6.36191
0.5934 2.72003
0.5934 2.85605
0.5934 1.30391
0.5934 4.9825
0.5934 3.49588
0.5934 6.83733
0.5934 4.29377
0.5934 87.3409
0.5934 3.9776
0.5934 13.8268
0.5934 1.24857
0.5934 7.7481
0.5934 3.24075
0.5934 3.56955
0.5934 2.25589
0.5934 4.06791
0.5934 3.43558
0.5934 1.37531
0.5934 6.78214
0.5934 12.9688
0.5934 1.96824
0.5934 7.78964
0.5935 2.44365
0.5935 9.00512
0.5935 25.3335
0.5935 1.30289
0.5935 1.98051
0.5935 4.83061
0.5935 6.34439
0.5935 1.1032
0.5935 1.64213
0.5935 5.09599
0.5935 28.3262
0.5935 3.06149
0.5935 3.63288
0.5935 3.10587
0.5935 1.86774
0.5935 31.9828
0.5935 5.27827
0.5935 1.53088
0.5935 2.25896
0.5935 3.48847
0.5935 1.53724
0.5935 4.6563
0.5935 10.8899
0.5935 1.26615
0.5935 2.97915
0.5935 1.98543
0.5935 25.932
0.5935 15.1234
0.5935 4.00788
0.5935 12.381
0.5935 3.05798
0.5935 1.93806
0.5935 1.65242
0.5935 8.22701
0.5935 3.94486
0.5935 1.20107
0.5935 2.30465
0.5935 1.59472
0.5935 1.55999
0.5935 2.75632
0.5935 2.72272
0.5935 5.52663
0.5935 2.35769
0.5935 5.27743
0.5935 11.9334
0.5935 17.8099
0.5935 15.8722
0.5935 5.70497
0.5935 7.52811
0.5935 2.00672
0.5935 9.2933
0.5935 1.10126
0.5935 3.06351
0.5935 16.6651
0.5935 6.61267
0.5935 59.2091
0.5935 6.87991
0.5935 2.19516
0.5935 8.36364
0.5935 3.00067
0.5935 12.5723
0.5935 3.9397
0.5935 1.3032
0.5935 4.30685
0.5935 3.68938
0.5935 2.2812
0.5935 17.7562
0.5935 4.29249
0.5935 22.6037
0.5935 16.1783
0.5935 14.1674
0.5935 41.9956
0.5935 7.09602
0.5935 1.20362
0.5935 9.22325
0.5935 1.24061
0.5935 1.14715
0.5935 3.70996
0.5935 9.58359
0.5935 3.19449
0.5935 55.0491
0.5935 5.36911
0.5935 1.9307
0.5935 4.96151
0.5935 1.25283
0.5935 1.12807
0.5935 26.6012
0.5935 16.6649
0.5935 6.0835
0.5935 2.03052
0.5935 2.70067
0.5935 19.8775
0.5935 1.02878
0.5935 5.06134
0.5935 1.7007
0.5935 2.71449
0.5935 1.00971
0.5935 5.22476
0.5935 3.90451
0.5935 1.67667
0.5936 17.7574
0.5936 12.161
0.5936 9.40798
0.5936 26.7555
0.5936 2.43345
0.5936 4.0998
0.5936 1.73907
0.5936 2.77585
0.5936 13.6022
0.5936 11.6499
0.5936 2.18458
0.5936 3.44874
0.5936 1.3024
0.5936 5.72383
0.5936 1.77432
0.5936 9.3727
0.5936 1.79592
0.5936 5.91614
0.5936 15.9934
0.5936 61.0587
0.5936 1.67238
0.5936 1.31405
0.5936 1.21847
0.5936 1.13134
0.5936 9.0588
0.5936 18.6048
0.5936 1.60289
0.5936 2.49557
0.5936 4.9848
0.5936 1.17765
0.5936 6.48976
0.5936 5.29029
0.5936 4.10268
0.5936 5.15219
0.5936 19.3884
0.5936 30.7137
0.5936 4.60812
0.5936 2.35345
0.5936 4.57107
0.5936 24.0265
0.5936 8.41479
0.5936 1.23528
0.5936 1.01602
0.5936 31.9573
0.5936 4.65651
0.5936 13.3532
0.5936 2.24622
0.5936 6.63307
0.5936 26.0828
0.5936 1.68429
0.5936 1.28911
0.5936 13.2885
0.5936 3.35436
0.5936 11.4692
0.5936 4.99752
0.5936 1.21251
0.5936 1.38297
0.5936 14.6942
0.5936 1.26418
0.5936 1.61595
0.5936 1.68127
0.5936 3.60658
0.5936 1.37396
0.5936 2.49491
0.5936 1.30189
0.5936 3.73261
0.5936 9.97022
0.5936 2.12354
0.5936 10.3036
0.5936 2.91384
0.5936 1.07948
0.5936 1.80452
0.5936 2.51891
0.5936 21.5615
0.5936 3.17058
0.5936 46.3483
0.5936 3.05421
0.5936 6.00059
0.5936 9.47948
0.5936 6.57481
0.5936 1.13099
0.5936 4.63702
0.5936 63.1642
0.5936 6.96322
0.5936 1.163
0.5936 4.73576
0.5936 12.6242
0.5936 4.22989
0.5936 3.17586
0.5936 43.3982
0.5936 1.42389
0.5936 8.55552
0.5936 2.86563
0.5936 2.35933
0.5936 8.96556
0.5936 9.54643
0.5936 3.02
0.5936 4.34292
0.5936 1.5974
0.5936 52.0356
0.5937 7.86918
0.5937 6.9542
0.5937 5.49797
0.5937 6.16787
0.5937 5.55722
0.5937 1.98727
0.5937 5.50114
0.5937 1.28591
0.5937 1.33955
0.5937 2.37097
0.5937 16.9271
0.5937 11.6298
0.5937 14.5211
0.5937 1.08847
0.5937 1.63422
0.5937 12.2078
0.5937 9.72943
0.5937 6.74413
0.5937 2.02272
0.5937 4.71939
0.5937 1.63732
0.5937 7.47904
0.5937 6.83756
0.5937 7.91538
0.5937 1.21993
0.5937 10.4102
0.5937 4.74766
0.5937 1.15061
0.5937 1.0297
0.5937 27.3425
0.5937 1.03508
0.5937 7.93524
0.5937 4.07899
0.5937 9.69535
0.5937 2.02501
0.5937 4.4924
0.5937 9.42528
0.5937 15.4211
0.5937 13.6137
0.5937 18.1088
0.5937 18
0.5937 3.21309
0.5937 1.24655
0.5937 11.0027
0.5937 1.27891
0.5937 6.79125
0.5937 1.11721
0.5937 5.48798
0.5937 4.05511
0.5937 1.39155
0.5937 12.3511
0.5937 14.8076
0.5937 1.8416
0.5937 2.18263
0.5937 4.8581
0.5937 2.20294
0.5937 4.87467
0.5937 2.16052
0.5937 3.16744
0.5937 2.88984
0.5937 19.1074
0.5937 15.8601
0.5937 43.7427
0.5937 13.328
0.5937 1.52031
0.5937 6.32651
0.5937 18.5864
0.5937 1.65763
0.5937 1.85949
0.5937 8.81518
0.5937 3.53619
0.5937 8.36206
0.5937 1.69305
0.5937 3.4245
0.5937 3.15725
0.5937 1.66337
0.5937 19.7107
0.5937 7.28524
0.5937 1.02763
0.5937 10.5161
0.5937 7.73224
0.5937 57.5783
0.5937 1.74647
0.5937 3.71229
0.5937 1.00879
0.5937 16.8731
0.5937 1.70376
0.5937 6.73272
0.5937 2.59668
0.5937 24.3963
0.5937 4.96104
0.5937 9.51415
0.5937 3.50568
0.5937 6.10347
0.5937 7.47047
0.5937 20.45
0.5937 18.5405
0.5937 1.37469
0.5937 12.0794
0.5937 5.96794
0.5938 5.52452
0.5938 8.47071
0.5938 1.06794
0.5938 2.81325
0.5938 1.89489
0.5938 2.17018
0.5938 2.48686
0.5938 4.04183
0.5938 9.19355
0.5938 1.85717
0.5938 4.18017
0.5938 4.69842
0.5938 5.24464
0.5938 1.48565
0.5938 12.2752
0.5938 1.99112
0.5938 1.571
0.5938 1.38587
0.5938 1.26999
0.5938 5.6155
0.5938 2.41715
0.5938 2.62799
0.5938 1.18182
0.5938 34.2288
0.5938 14.592
0.5938 3.59814
0.5938 7.26574
0.5938 9.76071
0.5938 3.02461
0.5938 17.3364
0.5938 1.95474
0.5938 1.6279
0.5938 1.22318
0.5938 7.83586
0.5938 11.3826
0.5938 3.25278
0.5938 1.86773
0.5938 8.19304
0.5938 1.09556
0.5938 1.89955
0.5938 1.41829
0.5938 7.609
0.5938 7.53621
0.5938 1.00783
0.5938 5.13041
0.5938 6.1358
0.5938 2.6544
0.5938 13.2547
0.5938 19.4521
0.5938 1.31607
0.5938 6.44737
0.5938 1.48384
0.5938 3.59637
0.5938 1.86135
0.5938 10.6199
0.5938 5.51893
0.5938 35.7732
0.5938 2.68318
0.5938 4.29476
0.5938 26.6164
0.5938 12.4109
0.5938 3.83355
0.5938 3.45674
0.5938 5.46802
0.5938 10.1034
0.5938 2.84936
0.5938 5.36303
0.5938 1.45302
0.5938 1.47304
0.5938 1.50329
0.5938 46.5004
0.5938 3.26128
0.5938 3.7739
0.5938 22.7181
0.5938 19.5452
0.5938 1.32771
0.5938 11.0623
0.5938 1.25133
0.5938 11.1578
0.5938 8.32441
0.5938 7.95397
0.5938 3.11614
0.5938 5.32834
0.5938 8.72535
0.5938 7.72907
0.5938 2.27336
0.5938 10.5405
0.5938 3.20441
0.5938 7.29034
0.5938 15.2079
0.5938 2.40761
0.5938 8.29088
0.5938 11.8803
0.5938 2.75417
0.5938 1.76925
0.5938 9.39023
0.5938 2.98758
0.5938 3.76072
0.5938 4.60073
0.5938 6.48599
0.5939 10.2452
0.5939 12.86
0.5939 1.2223
0.5939 1.15526
0.5939 1.3093
0.5939 13.8713
0.5939 1.16574
0.5939 2.99297
0.5939 1.80464
0.5939 1.8981
0.5939 1.53053
0.5939 1.01999
0.5939 4.39286
0.5939 1.28524
0.5939 1.21776
0.5939 5.71466
0.5939 3.11913
0.5939 3.24277
0.5939 6.57926
0.5939 1.05845
0.5939 1.94851
0.5939 1.30848
0.5939 11.1682
0.5939 7.61792
0.5939 1.30963
0.5939 3.49539
0.5939 1.60716
0.5939 4.25533
0.5939 1.23352
0.5939 7.65328
0.5939 18.9294
0.5939 20.8662
0.5939 5.90081
0.5939 2.14973
0.5939 1.50017
0.5939 2.7443
0.5939 2.30871
0.5939 114.188
0.5939 15.0199
0.5939 1.31249
0.5939 1.12307
0.5939 12.1538
0.5939 16.8402
0.5939 5.98956
0.5939 1.21925
0.5939 8.87966
0.5939 28.9657
0.5939 2.07789
0.5939 5.24143
0.5939 24.3996
0.5939 4.04383
0.5939 35.5498
0.5939 6.43551
0.5939 8.20583
0.5939 1.62655
0.5939 9.06588
0.5939 7.4464
0.5939 1.76161
0.5939 1.02099
0.5939 4.47548
0.5939 4.53312
0.5939 4.38691
0.5939 1.79897
0.5939 3.67821
0.5939 1.73514
0.5939 22.0193
0.5939 6.25953
0.5939 1.76149
0.5939 1.17738
0.5939 1.29516
0.5939 1.07094
0.5939 1.12496
0.5939 13.2692
0.5939 12.3745
0.5939 26.699
0.5939 1.49591
0.5939 1.52157
0.5939 25.259
0.5939 1.60819
0.5939 1.7687
0.5939 4.28169
0.5939 2.93187
0.5939 1.39164
0.5939 4.19798
0.5939 10.4061
0.5939 1.58932
0.5939 1.39276
0.5939 1.17049
0.5939 1.28383
0.5939 3.68626
0.5939 1.15116
0.5939 1.00774
0.5939 1.77738
0.5939 1.22075
0.5939 16.2636
0.5939 1.419
0.5939 5.42677
0.5939 4.94302
0.5939 2.35092
0.5939 1.20166
0.594 3.39854
0.594 20.1993
0.594 70.4316
0.594 7.57625
0.594 1.00913
0.594 51.679
0.594 3.69077
0.594 2.86333
0.594 1.22408
0.594 15.4796
0.594 1.73209
0.594 1.20834
0.594 3.00567
0.594 2.55625
0.594 10.1056
0.594 3.082
0.594 2.32893
0.594 1.6758
0.594 1.86423
0.594 2.46987
0.594 3.221
0.594 23.7896
0.594 1.70023
0.594 1.01076
0.594 29.0373
0.594 12.5721
0.594 2.65284
0.594 1.61224
0.594 3.38298
0.594 15.2067
0.594 7.84186
0.594 2.3036
0.594 9.09361
0.594 8.93994
0.594 11.9
0.594 11.8198
0.594 14.3723
0.594 4.10125
0.594 3.63907
0.594 3.29353
0.594 12.3549
0.594 4.51605
0.594 6.10509
0.594 3.07763
0.594 2.81808
0.594 9.07747
0.594 1.29155
0.594 5.6176
0.594 4.45954
0.594 4.78158
0.594 1.59498
0.594 5.7579
0.594 8.47233
0.594 2.15202
0.594 8.21579
0.594 1.04626
0.594 2.1723
0.594 2.20644
0.594 3.82402
0.594 1.79769
0.594 6.11344
0.594 1.26049
0.594 42.8055
0.594 1.25979
0.594 1.68316
0.594 24.0681
0.594 10.785
0.594 21.017
0.594 1.07036
0.594 1.07575
0.594 12.1916
0.594 1.47112
0.594 1.11041
0.594 8.46384
0.594 5.27011
0.594 3.2218
0.594 9.27093
0.594 2.47724
0.594 3.16257
0.594 2.05373
0.594 3.05773
0.594 2.75146
0.594 4.54996
0.594 2.44791
0.594 2.05479
0.594 6.243
0.594 1.20702
0.594 34.4086
0.594 2.11074
0.594 17.978
0.594 2.30814
0.594 2.09152
0.594 4.53097
0.594 1.73531
0.594 2.2971
0.594 5.77022
0.594 22.2227
0.594 2.27544
0.594 3.37434
0.594 7.39929