0.59 7.27646 0 0
0.5901 7.57323 0 0
0.5902 7.50167 0 0
0.5903 7.42473 0 0
0.5904 7.70613 0 0
0.5905 7.55278 0 0
0.5906 7.54667 0 0
0.5907 7.59585 0 0
0.5908 7.77878 0 0
0.5909 7.6224 0 0
0.591 7.64273 0 0
0.5911 7.80246 0 0
0.5912 7.77196 0 0
0.5913 7.92378 0 0
0.5914 7.6822 0 0
0.5915 7.89547 0 0
0.5916 7.70495 0 0
0.5917 7.96165 0 0
0.5918 7.91544 0 0
0.5919 7.71791 0 0
0.592 7.73286 0 0
0.5921 7.76949 0 0
0.5922 7.77056 0 0
0.5923 7.9622 0 0
0.5924 7.85109 0 0
0.5925 8.03997 0 0
0.5926 7.86445 0 0
0.5927 7.88878 0 0
0.5928 7.86485 0 0
0.5929 7.87381 0 0
0.593 8.16986 0 0
0.5931 8.17663 0 0
0.5932 8.17371 0 0
0.5933 8.15046 0 0
0.5934 8.21735 0 0
0.5935 8.27108 0 0
0.5936 8.16498 0 0
0.5937 8.1895 0 0
0.5938 7.98228 0 0
0.5939 8.08027 0 0
0.594 8.49155 0 0
